spectral decomposition approachCall:
princomp(x = spd)

Standard deviations:
   Comp.1    Comp.2    Comp.3    Comp.4    Comp.5    Comp.6    Comp.7    Comp.8 
2.0147304 1.4509144 1.1191468 0.9531448 0.7783255 0.7414912 0.6476455 0.5655425 
   Comp.9   Comp.10   Comp.11 
0.5280708 0.4016262 0.3171094 

 11  variables and  46 observations.
          Comp.1       Comp.2      Comp.3      Comp.4      Comp.5      Comp.6
 [1,]  2.2165870  0.177998004 -0.22242140  0.08179090 -0.54431720 -0.50153389
 [2,]  1.5650330 -0.016827120  0.49039678 -0.29625362  0.13372081  0.18833846
 [3,]  2.3568334  0.751228563  0.24375226  0.49735611  0.82143789 -0.39495806
 [4,]  0.3192610 -1.190408850 -0.89904225 -0.01846853  0.50087436 -0.40226105
 [5,]  0.3403155 -1.267419011 -1.84174827 -0.51149941  0.77237900  1.23137118
 [6,]  0.6418190  0.456257503 -1.83920484  1.21999028 -0.47715415  0.75334774
 [7,]  1.0900423 -1.647778147 -1.23552458 -0.64875143  0.04465144  0.08821580
 [8,]  0.3696655 -1.346754646 -0.92384092 -0.41798255 -0.59446791 -0.59209195
 [9,]  2.3363592 -0.682134764 -1.04184292 -0.17245881  0.03103151 -0.33823544
[10,] -3.5011549  3.243656890 -3.00357400 -0.01940260 -1.69461780  0.36673579
[11,]  2.0186414 -0.017801107  1.75250955 -1.22137473 -1.25840096 -0.41942317
[12,]  0.5770759 -0.006319589  0.73741972  0.92402608  0.41198387  0.03027624
[13,]  0.6747654 -1.334024999 -0.72467544 -1.33411386  0.61235683 -0.79465698
[14,]  1.9806871 -0.950992398  0.87479965  0.45934657  0.38554111 -0.01989919
[15,]  0.1527194 -1.273049595 -1.47699861  0.21174567  1.05922582  0.16209886
[16,]  1.0091447  0.716533424  0.82151793 -0.39707643  0.22400409  1.75565472
[17,] -0.1462920  0.519234570  0.03102461 -0.29511076 -0.71740902  0.70152494
[18,]  1.6690715 -1.179839528  0.02884713 -0.39597678 -0.72017825  0.84570597
[19,]  1.2864226  0.625954194  0.04632739 -0.16165180  0.31970498  0.45964368
[20,]  1.5207430  2.053621085  2.17301328  1.07161580 -1.19406209  0.47068781
[21,]  2.5224262  1.562255363  0.18480952 -0.32836985  1.08416110 -0.61893698
[22,]  2.3668395  0.865360868  0.40351239 -0.21252165  0.28898762  0.49788296
[23,]  2.5041770  1.918303657  0.99115645  0.30620716  0.13477527  0.00336015
[24,]  1.5968646  0.389025608  0.54176731 -0.99810778 -0.20880213 -1.19492636
[25,]  0.8169000  0.191257371 -0.96283344 -0.36945159 -1.11966526 -0.66520121
[26,]  1.4046630  0.628145950 -0.19720620 -0.40749959  0.80773286 -0.33917582
[27,] -4.6759190  1.521182086  0.21131445 -1.84643554  0.52269955  2.25842448
[28,] -2.1024342  1.356462048 -1.37074994  2.43530009  1.74777503 -0.05385651
[29,] -0.8622211  1.033520011 -0.05337376  1.59653012  0.44023845 -0.41269680
[30,] -4.0655419  2.131903197  0.67522020  1.44149500  0.44767690 -0.72537188
[31,] -0.3964332 -1.083618487 -0.22490154 -0.19067922 -1.56352305 -0.08121935
[32,]  1.2279754  0.845380392 -0.53123709  0.09201115 -0.28295881  0.39221207
[33,]  2.4207564  1.291382045  0.41308159  0.02456710  0.53882410  0.34773991
[34,]  1.6253657  1.084128211 -0.31400436 -0.05565113 -0.21465981  1.15193718
[35,] -2.0809325 -3.316388178 -0.17983225 -0.90428361  1.29669221  0.15163699
[36,] -0.9740196 -1.325967558  0.92033783 -0.92351271  0.10385735 -0.45389469
[37,] -4.5923295  0.999283739  2.60959649 -1.70423793  0.48043196 -0.65705763
[38,] -0.9453027 -2.918367239 -0.62352678 -0.02812686  0.27122743 -0.13796833
[39,] -3.7564060  0.246558565 -0.10302763 -1.51258930 -0.48309833 -0.34021301
[40,] -1.6467314 -0.807239308  1.74791970  1.53436711  0.41557750  0.08002234
[41,] -1.1644214 -1.792238884  1.43949510  0.48100383 -0.43211606  0.73776040
[42,] -0.4444118 -1.201620961  1.26274741  1.16679964 -0.36484368 -0.77063518
[43,] -2.3107229 -2.234916184  1.40065772  0.98415652 -0.97385801  0.38180140
[44,] -2.2448662 -2.379104742 -0.43203965  2.15883982 -0.94207746 -0.21999519
[45,] -0.7523974  1.182551407 -1.49382673 -0.30499529 -1.10192048 -1.53011032
[46,] -1.9486167  2.181626544 -0.30579189 -1.01056558  0.99056139 -1.39206005
            Comp.7        Comp.8      Comp.9      Comp.10     Comp.11
 [1,]  0.378345935  0.3233548186  0.37238217  0.271789393 -0.45839167
 [2,] -0.166790304  0.3657502253  0.14615674 -0.172744525  0.39553527
 [3,] -0.013054598  0.1693970306 -0.17823939 -0.543193595  0.37066352
 [4,]  0.758139457  0.1819599367 -0.06579679  0.225603870  0.29317834
 [5,]  0.549179832 -0.6364271235  0.08469727 -0.322932706 -0.72750878
 [6,] -0.170024716  0.6524501341 -0.56274770 -0.695413424 -0.25941237
 [7,] -0.147904985 -0.1401201115 -0.07148284 -0.009550507 -0.03083272
 [8,] -0.216743128 -0.0011263422 -0.75089607  0.334820224 -0.01015657
 [9,] -0.598759596  0.5690267084  0.30084888 -0.308107644 -0.30328689
[10,] -0.565818915 -0.4503203378  0.04750457  0.157944993  0.13123457
[11,]  0.844989063 -0.1650957209  0.39042939 -0.097128665 -0.06507910
[12,]  0.708163134  0.4083855155 -0.53842995 -0.350120313 -0.01187004
[13,]  1.162302908  0.0170962448  0.47415648 -0.182450785  0.48817868
[14,] -1.352483192 -0.7450277657 -0.32751307 -0.544979887  0.02871907
[15,] -1.372146238  0.0013631856 -0.28647890  0.941152882 -0.21033434
[16,]  0.391557876 -0.5970405601 -0.04233392  0.492843709 -0.36803430
[17,] -1.030698296 -1.0340969323  0.74196409  0.225670431  0.37943804
[18,]  0.114137505 -0.5967897008  0.72223513 -0.562538682 -0.29722248
[19,]  0.037979757 -0.1673622853  0.28018390  0.529465733  0.08717754
[20,]  0.494394832 -0.5077160094 -0.65653807  0.536184324 -0.69872701
[21,]  0.129240964 -0.4533880611  0.33592530 -0.440655732  0.10331269
[22,] -0.353427064 -0.2769123058  0.52034570 -0.139050676  0.10506593
[23,] -0.607452029 -0.0008268067  0.05787991 -0.097114990  0.39936201
[24,] -0.119445820  0.5430688145  0.74483576  1.240982810  0.37484223
[25,]  1.506071051 -0.3344348273 -0.24496052  0.155860292  0.04544961
[26,]  0.055729460  0.5708627994  0.34577022  0.280419766 -0.36072136
[27,]  1.003106918  0.9402501335  0.05634072 -0.172224542  0.42818831
[28,] -0.082858134 -0.4387765024  1.00132872 -0.133434527  0.15436295
[29,] -0.013137681  0.7267509070 -0.03354587  0.361824815  0.06308782
[30,] -0.006899303  0.4771480222 -0.01954667  0.186691876 -0.44604623
[31,] -0.451327256  1.6218330781 -0.50584713 -0.043480503 -0.12720606
[32,] -0.592474142  0.4175442073 -0.51204575 -0.095388673  0.19094543
[33,]  0.239877943  0.4712582375  0.21025772 -0.103110678 -0.12896694
[34,]  0.148495224 -0.2116018282 -1.24864621  0.328263873  0.62983717
[35,]  0.012667843 -0.0591766417 -0.85338843  0.280651057  0.04587036
[36,] -0.471556282  0.5290361059 -0.38066664 -0.723423975 -0.11612029
[37,] -0.496472342 -1.1641033532 -0.61876226 -0.145463242 -0.11641941
[38,] -0.098684981 -0.8366408672 -0.21316630  0.481370655 -0.23856243
[39,] -1.043300134  0.3663064730  0.86011195 -0.080031676  0.02740950
[40,]  0.437388938 -0.0999335680 -0.74314565 -0.002050500  0.38727424
[41,] -0.379878437  0.8923643379  0.33051783 -0.079446490 -0.05579419
[42,] -0.567356131 -0.1288426095 -0.18224142  0.052857199  0.13005987
[43,] -0.231156466  0.0320413302  1.24926940 -0.258522433 -0.11328050
[44,]  1.534195750 -0.5671556361  0.47443421  0.040521848  0.35421330
[45,] -0.144129147 -0.8120229393 -0.65653827 -0.674356116  0.17900609
[46,]  0.788014928  0.1476905901 -0.05461822 -0.148004264 -0.64843887
singular value decompositionStandard deviations (1, .., p=11):
 [1] 2.0369933 1.4669471 1.1315135 0.9636771 0.7869260 0.7496848 0.6548020
 [8] 0.5717918 0.5339060 0.4060642 0.3206135

Rotation (n x k) = (11 x 11):
             PC1         PC2          PC3         PC4         PC5         PC6
DFF  -0.08246111 -0.52873072 -0.409345681 -0.08284513  0.30758693  0.05015423
DM   -0.09999261 -0.46516345 -0.519914043  0.00590252 -0.29410668 -0.08969341
PH    0.02035339  0.37973784 -0.339409015 -0.59438134 -0.50078303  0.28059408
RPP  -0.38835966  0.07411550  0.047280816 -0.25112187  0.46021493  0.40261201
PPP  -0.44532553 -0.08406925  0.012155740  0.11534002 -0.09752967  0.32358642
PW    0.22591286  0.26403974 -0.262796593  0.60645386  0.02043090  0.50637151
PPR  -0.41094941 -0.10473879  0.053311067  0.23621372 -0.31289394  0.24998396
PL   -0.37017545  0.17194326 -0.004746447  0.01653380 -0.07626675 -0.41043760
PWD   0.01942379  0.38732601 -0.605842106  0.12286887  0.29932207 -0.25063968
SPP  -0.37150325  0.23932337 -0.068998511 -0.12454497  0.30929670 -0.05092531
SYPP -0.37190252  0.17250049 -0.028490068  0.33012477 -0.23958980 -0.30186960
             PC7         PC8         PC9        PC10        PC11
DFF  -0.20475053  0.05691439  0.27596559 -0.50077293  0.26457336
DM    0.14073734  0.24818169 -0.25442612  0.48496062 -0.16557398
PH   -0.06498527  0.06569726  0.12925509 -0.15814129  0.08441449
RPP  -0.14207267  0.07091698  0.23268815  0.56071219  0.10361463
PPP  -0.05413087 -0.21608108  0.03945003 -0.26528255 -0.73850790
PW   -0.21422695  0.35271932 -0.10128119 -0.03341121  0.06237176
PPR   0.12374387 -0.45934041 -0.23851787 -0.00792635  0.56378809
PL   -0.75153892  0.12505074 -0.27594248 -0.01408639  0.04519962
PWD   0.08671736 -0.53983612  0.02461072  0.09709740 -0.07790617
SPP   0.47419682  0.39613342 -0.45711355 -0.30524914  0.04759672
SYPP  0.22920153  0.28238853  0.65867442  0.01659840  0.08488460
             PC1          PC2         PC3         PC4         PC5         PC6
 [1,] -2.2165870 -0.177998004  0.22242140 -0.08179090 -0.54431720 -0.50153389
 [2,] -1.5650330  0.016827120 -0.49039678  0.29625362  0.13372081  0.18833846
 [3,] -2.3568334 -0.751228563 -0.24375226 -0.49735611  0.82143789 -0.39495806
 [4,] -0.3192610  1.190408850  0.89904225  0.01846853  0.50087436 -0.40226105
 [5,] -0.3403155  1.267419011  1.84174827  0.51149941  0.77237900  1.23137118
 [6,] -0.6418190 -0.456257503  1.83920484 -1.21999028 -0.47715415  0.75334774
 [7,] -1.0900423  1.647778147  1.23552458  0.64875143  0.04465144  0.08821580
 [8,] -0.3696655  1.346754646  0.92384092  0.41798255 -0.59446791 -0.59209195
 [9,] -2.3363592  0.682134764  1.04184292  0.17245881  0.03103151 -0.33823544
[10,]  3.5011549 -3.243656890  3.00357400  0.01940260 -1.69461780  0.36673579
[11,] -2.0186414  0.017801107 -1.75250955  1.22137473 -1.25840096 -0.41942317
[12,] -0.5770759  0.006319589 -0.73741972 -0.92402608  0.41198387  0.03027624
[13,] -0.6747654  1.334024999  0.72467544  1.33411386  0.61235683 -0.79465698
[14,] -1.9806871  0.950992398 -0.87479965 -0.45934657  0.38554111 -0.01989919
[15,] -0.1527194  1.273049595  1.47699861 -0.21174567  1.05922582  0.16209886
[16,] -1.0091447 -0.716533424 -0.82151793  0.39707643  0.22400409  1.75565472
[17,]  0.1462920 -0.519234570 -0.03102461  0.29511076 -0.71740902  0.70152494
[18,] -1.6690715  1.179839528 -0.02884713  0.39597678 -0.72017825  0.84570597
[19,] -1.2864226 -0.625954194 -0.04632739  0.16165180  0.31970498  0.45964368
[20,] -1.5207430 -2.053621085 -2.17301328 -1.07161580 -1.19406209  0.47068781
[21,] -2.5224262 -1.562255363 -0.18480952  0.32836985  1.08416110 -0.61893698
[22,] -2.3668395 -0.865360868 -0.40351239  0.21252165  0.28898762  0.49788296
[23,] -2.5041770 -1.918303657 -0.99115645 -0.30620716  0.13477527  0.00336015
[24,] -1.5968646 -0.389025608 -0.54176731  0.99810778 -0.20880213 -1.19492636
[25,] -0.8169000 -0.191257371  0.96283344  0.36945159 -1.11966526 -0.66520121
[26,] -1.4046630 -0.628145950  0.19720620  0.40749959  0.80773286 -0.33917582
[27,]  4.6759190 -1.521182086 -0.21131445  1.84643554  0.52269955  2.25842448
[28,]  2.1024342 -1.356462048  1.37074994 -2.43530009  1.74777503 -0.05385651
[29,]  0.8622211 -1.033520011  0.05337376 -1.59653012  0.44023845 -0.41269680
[30,]  4.0655419 -2.131903197 -0.67522020 -1.44149500  0.44767690 -0.72537188
[31,]  0.3964332  1.083618487  0.22490154  0.19067922 -1.56352305 -0.08121935
[32,] -1.2279754 -0.845380392  0.53123709 -0.09201115 -0.28295881  0.39221207
[33,] -2.4207564 -1.291382045 -0.41308159 -0.02456710  0.53882410  0.34773991
[34,] -1.6253657 -1.084128211  0.31400436  0.05565113 -0.21465981  1.15193718
[35,]  2.0809325  3.316388178  0.17983225  0.90428361  1.29669221  0.15163699
[36,]  0.9740196  1.325967558 -0.92033783  0.92351271  0.10385735 -0.45389469
[37,]  4.5923295 -0.999283739 -2.60959649  1.70423793  0.48043196 -0.65705763
[38,]  0.9453027  2.918367239  0.62352678  0.02812686  0.27122743 -0.13796833
[39,]  3.7564060 -0.246558565  0.10302763  1.51258930 -0.48309833 -0.34021301
[40,]  1.6467314  0.807239308 -1.74791970 -1.53436711  0.41557750  0.08002234
[41,]  1.1644214  1.792238884 -1.43949510 -0.48100383 -0.43211606  0.73776040
[42,]  0.4444118  1.201620961 -1.26274741 -1.16679964 -0.36484368 -0.77063518
[43,]  2.3107229  2.234916184 -1.40065772 -0.98415652 -0.97385801  0.38180140
[44,]  2.2448662  2.379104742  0.43203965 -2.15883982 -0.94207746 -0.21999519
[45,]  0.7523974 -1.182551407  1.49382673  0.30499529 -1.10192048 -1.53011032
[46,]  1.9486167 -2.181626544  0.30579189  1.01056558  0.99056139 -1.39206005
               PC7           PC8         PC9         PC10        PC11
 [1,] -0.378345935  0.3233548186  0.37238217 -0.271789393 -0.45839167
 [2,]  0.166790304  0.3657502253  0.14615674  0.172744525  0.39553527
 [3,]  0.013054598  0.1693970306 -0.17823939  0.543193595  0.37066352
 [4,] -0.758139457  0.1819599367 -0.06579679 -0.225603870  0.29317834
 [5,] -0.549179832 -0.6364271235  0.08469727  0.322932706 -0.72750878
 [6,]  0.170024716  0.6524501341 -0.56274770  0.695413424 -0.25941237
 [7,]  0.147904985 -0.1401201115 -0.07148284  0.009550507 -0.03083272
 [8,]  0.216743128 -0.0011263422 -0.75089607 -0.334820224 -0.01015657
 [9,]  0.598759596  0.5690267084  0.30084888  0.308107644 -0.30328689
[10,]  0.565818915 -0.4503203378  0.04750457 -0.157944993  0.13123457
[11,] -0.844989063 -0.1650957209  0.39042939  0.097128665 -0.06507910
[12,] -0.708163134  0.4083855155 -0.53842995  0.350120313 -0.01187004
[13,] -1.162302908  0.0170962448  0.47415648  0.182450785  0.48817868
[14,]  1.352483192 -0.7450277657 -0.32751307  0.544979887  0.02871907
[15,]  1.372146238  0.0013631856 -0.28647890 -0.941152882 -0.21033434
[16,] -0.391557876 -0.5970405601 -0.04233392 -0.492843709 -0.36803430
[17,]  1.030698296 -1.0340969323  0.74196409 -0.225670431  0.37943804
[18,] -0.114137505 -0.5967897008  0.72223513  0.562538682 -0.29722248
[19,] -0.037979757 -0.1673622853  0.28018390 -0.529465733  0.08717754
[20,] -0.494394832 -0.5077160094 -0.65653807 -0.536184324 -0.69872701
[21,] -0.129240964 -0.4533880611  0.33592530  0.440655732  0.10331269
[22,]  0.353427064 -0.2769123058  0.52034570  0.139050676  0.10506593
[23,]  0.607452029 -0.0008268067  0.05787991  0.097114990  0.39936201
[24,]  0.119445820  0.5430688145  0.74483576 -1.240982810  0.37484223
[25,] -1.506071051 -0.3344348273 -0.24496052 -0.155860292  0.04544961
[26,] -0.055729460  0.5708627994  0.34577022 -0.280419766 -0.36072136
[27,] -1.003106918  0.9402501335  0.05634072  0.172224542  0.42818831
[28,]  0.082858134 -0.4387765024  1.00132872  0.133434527  0.15436295
[29,]  0.013137681  0.7267509070 -0.03354587 -0.361824815  0.06308782
[30,]  0.006899303  0.4771480222 -0.01954667 -0.186691876 -0.44604623
[31,]  0.451327256  1.6218330781 -0.50584713  0.043480503 -0.12720606
[32,]  0.592474142  0.4175442073 -0.51204575  0.095388673  0.19094543
[33,] -0.239877943  0.4712582375  0.21025772  0.103110678 -0.12896694
[34,] -0.148495224 -0.2116018282 -1.24864621 -0.328263873  0.62983717
[35,] -0.012667843 -0.0591766417 -0.85338843 -0.280651057  0.04587036
[36,]  0.471556282  0.5290361059 -0.38066664  0.723423975 -0.11612029
[37,]  0.496472342 -1.1641033532 -0.61876226  0.145463242 -0.11641941
[38,]  0.098684981 -0.8366408672 -0.21316630 -0.481370655 -0.23856243
[39,]  1.043300134  0.3663064730  0.86011195  0.080031676  0.02740950
[40,] -0.437388938 -0.0999335680 -0.74314565  0.002050500  0.38727424
[41,]  0.379878437  0.8923643379  0.33051783  0.079446490 -0.05579419
[42,]  0.567356131 -0.1288426095 -0.18224142 -0.052857199  0.13005987
[43,]  0.231156466  0.0320413302  1.24926940  0.258522433 -0.11328050
[44,] -1.534195750 -0.5671556361  0.47443421 -0.040521848  0.35421330
[45,]  0.144129147 -0.8120229393 -0.65653827  0.674356116  0.17900609
[46,] -0.788014928  0.1476905901 -0.05461822  0.148004264 -0.64843887
Importance of components:
                          PC1    PC2    PC3     PC4    PC5     PC6     PC7
Standard deviation     2.0370 1.4669 1.1315 0.96368 0.7869 0.74968 0.65480
Proportion of Variance 0.3772 0.1956 0.1164 0.08442 0.0563 0.05109 0.03898
Cumulative Proportion  0.3772 0.5728 0.6892 0.77366 0.8300 0.88105 0.92003
                           PC8     PC9    PC10    PC11
Standard deviation     0.57179 0.53391 0.40606 0.32061
Proportion of Variance 0.02972 0.02591 0.01499 0.00934
Cumulative Proportion  0.94975 0.97567 0.99066 1.00000
FactoMineR singukar value decomposition**Results for the Principal Component Analysis (PCA)**
The analysis was performed on 46 individuals, described by 11 variables
*The results are available in the following objects:

   name               description                          
1  "$eig"             "eigenvalues"                        
2  "$var"             "results for the variables"          
3  "$var$coord"       "coord. for the variables"           
4  "$var$cor"         "correlations variables - dimensions"
5  "$var$cos2"        "cos2 for the variables"             
6  "$var$contrib"     "contributions of the variables"     
7  "$ind"             "results for the individuals"        
8  "$ind$coord"       "coord. for the individuals"         
9  "$ind$cos2"        "cos2 for the individuals"           
10 "$ind$contrib"     "contributions of the individuals"   
11 "$call"            "summary statistics"                 
12 "$call$centre"     "mean of the variables"              
13 "$call$ecart.type" "standard error of the variables"    
14 "$call$row.w"      "weights for the individuals"        
15 "$call$col.w"      "weights for the variables"          
eigenvalues        eigenvalue percentage of variance cumulative percentage of variance
comp 1   4.1493418             37.7212887                          37.72129
comp 2   2.1519338             19.5630350                          57.28432
comp 3   1.2803227             11.6392972                          68.92362
comp 4   0.9286736              8.4424873                          77.36611
comp 5   0.6192526              5.6295687                          82.99568
comp 6   0.5620272              5.1093385                          88.10502
comp 7   0.4287657              3.8978700                          92.00289
comp 8   0.3269458              2.9722348                          94.97512
comp 9   0.2850556              2.5914150                          97.56654
comp 10  0.1648881              1.4989828                          99.06552
comp 11  0.1027930              0.9344821                         100.00000
results for the variables$coord
           Dim.1      Dim.2        Dim.3        Dim.4       Dim.5       Dim.6
DFF   0.16797272 -0.7756200  0.463180144 -0.079835958 -0.24204815  0.03759986
DM    0.20368427 -0.6823702  0.588289734  0.005688123  0.23144020 -0.06724179
PH   -0.04145972  0.5570553  0.384045867 -0.572791705  0.39407920  0.21035710
RPP   0.79108602  0.1087235 -0.053498880 -0.242000401 -0.36215510  0.30183208
PPP   0.90712513 -0.1233251 -0.013754383  0.111150540  0.07674864  0.24258781
PW   -0.46018298  0.3873323  0.297357880  0.584425713 -0.01607761  0.37961900
PPR   0.83710121 -0.1536463 -0.060322189  0.227633762  0.24622438  0.18740916
PL    0.75404492  0.2522317  0.005370669  0.015933246  0.06001629 -0.30769881
PWD  -0.03956613  0.5681868  0.685518494  0.118405924 -0.23554432 -0.18790075
SPP   0.75674963  0.3510747  0.078072743 -0.120021143 -0.24339362 -0.03817793
SYPP  0.75756294  0.2530491  0.032236896  0.318133690  0.18853945 -0.22630703
           Dim.7       Dim.8       Dim.9       Dim.10      Dim.11
DFF   0.13407106  0.03254318  0.14733969  0.203345938  0.08482580
DM   -0.09215510  0.14190825 -0.13583964 -0.196925128 -0.05308526
PH    0.04255249  0.03756515  0.06901007  0.064215509  0.02706443
RPP   0.09302947  0.04054975  0.12423361 -0.227685127  0.03322025
PPP   0.03544500 -0.12355339  0.02106261  0.107721737 -0.23677562
PW    0.14027624  0.20168200 -0.05407464  0.013567093  0.01999723
PPR  -0.08102773 -0.26264707 -0.12734613  0.003218607  0.18075809
PL    0.49210921  0.07150299 -0.14732735  0.005719977  0.01449161
PWD  -0.05678270 -0.30867385  0.01313981 -0.039427776 -0.02497777
SPP  -0.31050504  0.22650583 -0.24405568  0.123950735  0.01526015
SYPP -0.15008163  0.16146744  0.35167025 -0.006740017  0.02721515

$cor
           Dim.1      Dim.2        Dim.3        Dim.4       Dim.5       Dim.6
DFF   0.16797272 -0.7756200  0.463180144 -0.079835958 -0.24204815  0.03759986
DM    0.20368427 -0.6823702  0.588289734  0.005688123  0.23144020 -0.06724179
PH   -0.04145972  0.5570553  0.384045867 -0.572791705  0.39407920  0.21035710
RPP   0.79108602  0.1087235 -0.053498880 -0.242000401 -0.36215510  0.30183208
PPP   0.90712513 -0.1233251 -0.013754383  0.111150540  0.07674864  0.24258781
PW   -0.46018298  0.3873323  0.297357880  0.584425713 -0.01607761  0.37961900
PPR   0.83710121 -0.1536463 -0.060322189  0.227633762  0.24622438  0.18740916
PL    0.75404492  0.2522317  0.005370669  0.015933246  0.06001629 -0.30769881
PWD  -0.03956613  0.5681868  0.685518494  0.118405924 -0.23554432 -0.18790075
SPP   0.75674963  0.3510747  0.078072743 -0.120021143 -0.24339362 -0.03817793
SYPP  0.75756294  0.2530491  0.032236896  0.318133690  0.18853945 -0.22630703
           Dim.7       Dim.8       Dim.9       Dim.10      Dim.11
DFF   0.13407106  0.03254318  0.14733969  0.203345938  0.08482580
DM   -0.09215510  0.14190825 -0.13583964 -0.196925128 -0.05308526
PH    0.04255249  0.03756515  0.06901007  0.064215509  0.02706443
RPP   0.09302947  0.04054975  0.12423361 -0.227685127  0.03322025
PPP   0.03544500 -0.12355339  0.02106261  0.107721737 -0.23677562
PW    0.14027624  0.20168200 -0.05407464  0.013567093  0.01999723
PPR  -0.08102773 -0.26264707 -0.12734613  0.003218607  0.18075809
PL    0.49210921  0.07150299 -0.14732735  0.005719977  0.01449161
PWD  -0.05678270 -0.30867385  0.01313981 -0.039427776 -0.02497777
SPP  -0.31050504  0.22650583 -0.24405568  0.123950735  0.01526015
SYPP -0.15008163  0.16146744  0.35167025 -0.006740017  0.02721515

$cos2
           Dim.1      Dim.2         Dim.3         Dim.4        Dim.5
DFF  0.028214836 0.60158640 0.21453584621 0.00637378015 0.0585873089
DM   0.041487284 0.46562906 0.34608481129 0.00003235475 0.0535645643
PH   0.001718908 0.31031064 0.14749122786 0.32809033734 0.1552984132
RPP  0.625817093 0.01182080 0.00286213011 0.05856419408 0.1311563159
PPP  0.822875998 0.01520909 0.00018918305 0.01235444254 0.0058903530
PW   0.211768380 0.15002634 0.08842170869 0.34155341458 0.0002584895
PPR  0.700738430 0.02360717 0.00363876649 0.05181712939 0.0606264468
PL   0.568583738 0.06362081 0.00002884409 0.00025386833 0.0036019549
PWD  0.001565478 0.32283622 0.46993560513 0.01401996275 0.0554811289
SPP  0.572670002 0.12325346 0.00609535326 0.01440507473 0.0592404535
SYPP 0.573901614 0.06403384 0.00103921743 0.10120904473 0.0355471234
           Dim.6       Dim.7       Dim.8        Dim.9        Dim.10
DFF  0.001413750 0.017975050 0.001059059 0.0217089850 0.04134957061
DM   0.004521458 0.008492562 0.020137951 0.0184524078 0.03877950584
PH   0.044250111 0.001810714 0.001411141 0.0047623897 0.00412363161
RPP  0.091102607 0.008654482 0.001644282 0.0154339887 0.05184051716
PPP  0.058848844 0.001256348 0.015265439 0.0004436334 0.01160397269
PW   0.144110588 0.019677425 0.040675631 0.0029240664 0.00018406601
PPR  0.035122194 0.006565494 0.068983483 0.0162170366 0.00001035943
PL   0.094678559 0.242171472 0.005112677 0.0217053491 0.00003271814
PWD  0.035306692 0.003224275 0.095279548 0.0001726546 0.00155454953
SPP  0.001457554 0.096413379 0.051304890 0.0595631736 0.01536378476
SYPP 0.051214874 0.022524496 0.026071733 0.1236719613 0.00004542783
           Dim.11
DFF  0.0071954161
DM   0.0028180447
PH   0.0007324833
RPP  0.0011035852
PPP  0.0560626947
PW   0.0003998892
PPR  0.0326734865
PL   0.0002100068
PWD  0.0006238891
SPP  0.0002328723
SYPP 0.0007406645

$contrib
           Dim.1      Dim.2        Dim.3        Dim.4       Dim.5      Dim.6
DFF   0.67998342 27.9556177 16.756388627  0.686331573  9.46097172  0.2515447
DM    0.99985218 21.6377031 27.031061233  0.003483974  8.64987381  0.8044909
PH    0.04142605 14.4200828 11.519847972 35.328918164 25.07836466  7.8733037
RPP  15.08232218  0.5493108  0.223547558  6.306219307 21.17977800 16.2096429
PPP  19.83148282  0.7067638  0.014776200  1.330332045  0.95120368 10.4708173
PW    5.10366202  6.9716987  6.906204907 36.778628503  0.04174217 25.6412110
PPR  16.88794199  1.0970214  0.284206982  5.579692284  9.79026192  6.2491979
PL   13.70298641  2.9564484  0.002252876  0.027336658  0.58166170 16.8459025
PWD   0.03772836 15.0021441 36.704465794  1.509676026  8.95937024  6.2820252
SPP  13.80146624  5.7275674  0.476079451  1.551145061  9.56644479  0.2593387
SYPP 13.83114835  2.9756418  0.081168399 10.898236405  5.74032732  9.1125254
          Dim.7      Dim.8       Dim.9       Dim.10     Dim.11
DFF   4.1922781  0.3239248  7.61570075 25.077352279  6.9999064
DM    1.9807000  6.1594150  6.47326513 23.518680240  2.7414744
PH    0.4223086  0.4316130  1.67068773  2.500866660  0.7125807
RPP   2.0184643  0.5029219  5.41437748 31.439816471  1.0735992
PPP   0.2930151  4.6691035  0.15563045  7.037483259 54.5393919
PW    4.5893187 12.4410916  1.02578792  0.111630864  0.3890237
PPR   1.5312544 21.0993613  5.68907749  0.006282702 31.7857016
PL   56.4810742  1.5637689  7.61442526  0.019842634  0.2043006
PWD   0.7519901 29.1423038  0.06056875  0.942790590  0.6069372
SPP  22.4862622 15.6921683 20.89527935  9.317703598  0.2265448
SYPP  5.2533343  7.9743280 43.38519969  0.027550702  0.7205396

coord. for the variables           Dim.1      Dim.2        Dim.3        Dim.4       Dim.5       Dim.6
DFF   0.16797272 -0.7756200  0.463180144 -0.079835958 -0.24204815  0.03759986
DM    0.20368427 -0.6823702  0.588289734  0.005688123  0.23144020 -0.06724179
PH   -0.04145972  0.5570553  0.384045867 -0.572791705  0.39407920  0.21035710
RPP   0.79108602  0.1087235 -0.053498880 -0.242000401 -0.36215510  0.30183208
PPP   0.90712513 -0.1233251 -0.013754383  0.111150540  0.07674864  0.24258781
PW   -0.46018298  0.3873323  0.297357880  0.584425713 -0.01607761  0.37961900
PPR   0.83710121 -0.1536463 -0.060322189  0.227633762  0.24622438  0.18740916
PL    0.75404492  0.2522317  0.005370669  0.015933246  0.06001629 -0.30769881
PWD  -0.03956613  0.5681868  0.685518494  0.118405924 -0.23554432 -0.18790075
SPP   0.75674963  0.3510747  0.078072743 -0.120021143 -0.24339362 -0.03817793
SYPP  0.75756294  0.2530491  0.032236896  0.318133690  0.18853945 -0.22630703
           Dim.7       Dim.8       Dim.9       Dim.10      Dim.11
DFF   0.13407106  0.03254318  0.14733969  0.203345938  0.08482580
DM   -0.09215510  0.14190825 -0.13583964 -0.196925128 -0.05308526
PH    0.04255249  0.03756515  0.06901007  0.064215509  0.02706443
RPP   0.09302947  0.04054975  0.12423361 -0.227685127  0.03322025
PPP   0.03544500 -0.12355339  0.02106261  0.107721737 -0.23677562
PW    0.14027624  0.20168200 -0.05407464  0.013567093  0.01999723
PPR  -0.08102773 -0.26264707 -0.12734613  0.003218607  0.18075809
PL    0.49210921  0.07150299 -0.14732735  0.005719977  0.01449161
PWD  -0.05678270 -0.30867385  0.01313981 -0.039427776 -0.02497777
SPP  -0.31050504  0.22650583 -0.24405568  0.123950735  0.01526015
SYPP -0.15008163  0.16146744  0.35167025 -0.006740017  0.02721515
correlations variables - dimensions           Dim.1      Dim.2        Dim.3        Dim.4       Dim.5       Dim.6
DFF   0.16797272 -0.7756200  0.463180144 -0.079835958 -0.24204815  0.03759986
DM    0.20368427 -0.6823702  0.588289734  0.005688123  0.23144020 -0.06724179
PH   -0.04145972  0.5570553  0.384045867 -0.572791705  0.39407920  0.21035710
RPP   0.79108602  0.1087235 -0.053498880 -0.242000401 -0.36215510  0.30183208
PPP   0.90712513 -0.1233251 -0.013754383  0.111150540  0.07674864  0.24258781
PW   -0.46018298  0.3873323  0.297357880  0.584425713 -0.01607761  0.37961900
PPR   0.83710121 -0.1536463 -0.060322189  0.227633762  0.24622438  0.18740916
PL    0.75404492  0.2522317  0.005370669  0.015933246  0.06001629 -0.30769881
PWD  -0.03956613  0.5681868  0.685518494  0.118405924 -0.23554432 -0.18790075
SPP   0.75674963  0.3510747  0.078072743 -0.120021143 -0.24339362 -0.03817793
SYPP  0.75756294  0.2530491  0.032236896  0.318133690  0.18853945 -0.22630703
           Dim.7       Dim.8       Dim.9       Dim.10      Dim.11
DFF   0.13407106  0.03254318  0.14733969  0.203345938  0.08482580
DM   -0.09215510  0.14190825 -0.13583964 -0.196925128 -0.05308526
PH    0.04255249  0.03756515  0.06901007  0.064215509  0.02706443
RPP   0.09302947  0.04054975  0.12423361 -0.227685127  0.03322025
PPP   0.03544500 -0.12355339  0.02106261  0.107721737 -0.23677562
PW    0.14027624  0.20168200 -0.05407464  0.013567093  0.01999723
PPR  -0.08102773 -0.26264707 -0.12734613  0.003218607  0.18075809
PL    0.49210921  0.07150299 -0.14732735  0.005719977  0.01449161
PWD  -0.05678270 -0.30867385  0.01313981 -0.039427776 -0.02497777
SPP  -0.31050504  0.22650583 -0.24405568  0.123950735  0.01526015
SYPP -0.15008163  0.16146744  0.35167025 -0.006740017  0.02721515
cos2 for the variables           Dim.1      Dim.2         Dim.3         Dim.4        Dim.5
DFF  0.028214836 0.60158640 0.21453584621 0.00637378015 0.0585873089
DM   0.041487284 0.46562906 0.34608481129 0.00003235475 0.0535645643
PH   0.001718908 0.31031064 0.14749122786 0.32809033734 0.1552984132
RPP  0.625817093 0.01182080 0.00286213011 0.05856419408 0.1311563159
PPP  0.822875998 0.01520909 0.00018918305 0.01235444254 0.0058903530
PW   0.211768380 0.15002634 0.08842170869 0.34155341458 0.0002584895
PPR  0.700738430 0.02360717 0.00363876649 0.05181712939 0.0606264468
PL   0.568583738 0.06362081 0.00002884409 0.00025386833 0.0036019549
PWD  0.001565478 0.32283622 0.46993560513 0.01401996275 0.0554811289
SPP  0.572670002 0.12325346 0.00609535326 0.01440507473 0.0592404535
SYPP 0.573901614 0.06403384 0.00103921743 0.10120904473 0.0355471234
           Dim.6       Dim.7       Dim.8        Dim.9        Dim.10
DFF  0.001413750 0.017975050 0.001059059 0.0217089850 0.04134957061
DM   0.004521458 0.008492562 0.020137951 0.0184524078 0.03877950584
PH   0.044250111 0.001810714 0.001411141 0.0047623897 0.00412363161
RPP  0.091102607 0.008654482 0.001644282 0.0154339887 0.05184051716
PPP  0.058848844 0.001256348 0.015265439 0.0004436334 0.01160397269
PW   0.144110588 0.019677425 0.040675631 0.0029240664 0.00018406601
PPR  0.035122194 0.006565494 0.068983483 0.0162170366 0.00001035943
PL   0.094678559 0.242171472 0.005112677 0.0217053491 0.00003271814
PWD  0.035306692 0.003224275 0.095279548 0.0001726546 0.00155454953
SPP  0.001457554 0.096413379 0.051304890 0.0595631736 0.01536378476
SYPP 0.051214874 0.022524496 0.026071733 0.1236719613 0.00004542783
           Dim.11
DFF  0.0071954161
DM   0.0028180447
PH   0.0007324833
RPP  0.0011035852
PPP  0.0560626947
PW   0.0003998892
PPR  0.0326734865
PL   0.0002100068
PWD  0.0006238891
SPP  0.0002328723
SYPP 0.0007406645
contributions of the variables           Dim.1      Dim.2        Dim.3        Dim.4       Dim.5      Dim.6
DFF   0.67998342 27.9556177 16.756388627  0.686331573  9.46097172  0.2515447
DM    0.99985218 21.6377031 27.031061233  0.003483974  8.64987381  0.8044909
PH    0.04142605 14.4200828 11.519847972 35.328918164 25.07836466  7.8733037
RPP  15.08232218  0.5493108  0.223547558  6.306219307 21.17977800 16.2096429
PPP  19.83148282  0.7067638  0.014776200  1.330332045  0.95120368 10.4708173
PW    5.10366202  6.9716987  6.906204907 36.778628503  0.04174217 25.6412110
PPR  16.88794199  1.0970214  0.284206982  5.579692284  9.79026192  6.2491979
PL   13.70298641  2.9564484  0.002252876  0.027336658  0.58166170 16.8459025
PWD   0.03772836 15.0021441 36.704465794  1.509676026  8.95937024  6.2820252
SPP  13.80146624  5.7275674  0.476079451  1.551145061  9.56644479  0.2593387
SYPP 13.83114835  2.9756418  0.081168399 10.898236405  5.74032732  9.1125254
          Dim.7      Dim.8       Dim.9       Dim.10     Dim.11
DFF   4.1922781  0.3239248  7.61570075 25.077352279  6.9999064
DM    1.9807000  6.1594150  6.47326513 23.518680240  2.7414744
PH    0.4223086  0.4316130  1.67068773  2.500866660  0.7125807
RPP   2.0184643  0.5029219  5.41437748 31.439816471  1.0735992
PPP   0.2930151  4.6691035  0.15563045  7.037483259 54.5393919
PW    4.5893187 12.4410916  1.02578792  0.111630864  0.3890237
PPR   1.5312544 21.0993613  5.68907749  0.006282702 31.7857016
PL   56.4810742  1.5637689  7.61442526  0.019842634  0.2043006
PWD   0.7519901 29.1423038  0.06056875  0.942790590  0.6069372
SPP  22.4862622 15.6921683 20.89527935  9.317703598  0.2265448
SYPP  5.2533343  7.9743280 43.38519969  0.027550702  0.7205396
results for the individuals$coord
        Dim.1        Dim.2       Dim.3       Dim.4       Dim.5       Dim.6
1   2.2410804 -0.179964892 -0.22487917 -0.08269469  0.55033193 -0.50707587
2   1.5823267  0.017013061  0.49581570  0.29952724 -0.13519843  0.19041961
3   2.3828765 -0.759529683  0.24644574 -0.50285192 -0.83051483 -0.39932237
4   0.3227889  1.203562938 -0.90897672  0.01867261 -0.50640905 -0.40670606
5   0.3440760  1.281424066 -1.86209969  0.51715151 -0.78091383  1.24497790
6   0.6489111 -0.461299176 -1.85952817 -1.23347124  0.48242673  0.76167227
7   1.1020873  1.665986193 -1.24917720  0.65592017 -0.04514485  0.08919059
8   0.3737504  1.361636364 -0.93404942  0.42260129  0.60103682 -0.59863460
9   2.3621761  0.689672394 -1.05335534  0.17436449 -0.03137441 -0.34197296
10 -3.5398429 -3.279499491 -3.03676367  0.01961700  1.71334343  0.37078825
11  2.0409475  0.017997810  1.77187488  1.23487100  1.27230637 -0.42405782
12  0.5834526  0.006389421  0.74556825 -0.93423662 -0.41653632  0.03061079
13  0.6822216  1.348766054 -0.73268314  1.34885590 -0.61912340 -0.80343799
14  2.0025738  0.961500920  0.88446623 -0.46442237 -0.38980136 -0.02011908
15  0.1544069  1.287116869 -1.49331954 -0.21408547 -1.07093033  0.16389006
16  1.0202958 -0.724451160  0.83059576  0.40146414 -0.22647935  1.77505481
17 -0.1479085 -0.524972143  0.03136744  0.29837175  0.72533643  0.70927683
18  1.6875148  1.192876824  0.02916590  0.40035235  0.72813627  0.85505108
19  1.3006376 -0.632871025  0.04683931  0.16343807 -0.32323774  0.46472277
20  1.5375473 -2.076313719  2.19702520 -1.08345722  1.20725655  0.47588894
21  2.5502991 -1.579518377  0.18685168  0.33199835 -1.09614115 -0.62577627
22  2.3929932 -0.874923157  0.40797123  0.21487002 -0.29218095  0.50338460
23  2.5318483 -1.939501026  1.00210878 -0.30959077 -0.13626455  0.00339728
24  1.6145100 -0.393324364  0.54775387  1.00913693  0.21110940 -1.20813037
25  0.8259268 -0.193370776 -0.97347281  0.37353405  1.13203763 -0.67255172
26  1.4201846 -0.635087000 -0.19938534  0.41200249 -0.81665835 -0.34292373
27 -4.7275882 -1.537991238  0.21364949  1.86683876 -0.52847541  2.28338020
28 -2.1256662 -1.371451034 -1.38589681 -2.46221030 -1.76708805 -0.05445163
29 -0.8717487 -1.044940468 -0.05396354 -1.61417187 -0.44510311 -0.41725713
30 -4.1104664 -2.155460853  0.68268143 -1.45742360 -0.45262376 -0.73338729
31 -0.4008138  1.095592535 -0.22738672  0.19278624  1.58080007 -0.08211683
32  1.2415446 -0.854721895 -0.53710729 -0.09302788  0.28608552  0.39654604
33  2.4475059 -1.305651894  0.41764617 -0.02483857 -0.54477814  0.35158246
34  1.6433261 -1.096107892 -0.31747413  0.05626608  0.21703181  1.16466615
35 -2.1039269  3.353034464 -0.18181941  0.91427600 -1.31102074  0.15331259
36 -0.9847825  1.340619578  0.93050762  0.93371758 -0.10500498 -0.45891026
37 -4.6430750 -1.010325884  2.63843268  1.72306986 -0.48574076 -0.66431816
38 -0.9557484  2.950615370 -0.63041679  0.02843766 -0.27422451 -0.13949289
39 -3.7979145 -0.249283051 -0.10416609  1.52930350  0.48843660 -0.34397238
40 -1.6649279  0.816159350  1.76723432 -1.55132196 -0.42016965  0.08090659
41 -1.1772883  1.812043229  1.45540161 -0.48631895  0.43689097  0.74591269
42 -0.4493226  1.214898943  1.27670085 -1.17969285  0.36887522 -0.77915075
43 -2.3362565  2.259612141  1.41613507 -0.99503151  0.98461920  0.38602032
44 -2.2696721  2.405393991 -0.43681371 -2.18269513  0.95248747 -0.22242615
45 -0.7607114 -1.195618670 -1.51033360  0.30836551  1.11409677 -1.54701813
46 -1.9701490 -2.205733647 -0.30917091  1.02173239 -1.00150715 -1.40744240
         Dim.7         Dim.8       Dim.9       Dim.10      Dim.11
1   0.38252668  0.3269279085  0.37649702  0.274792682 -0.46345692
2  -0.16863335  0.3697917869  0.14777178 -0.174653362  0.39990596
3  -0.01319885  0.1712688778 -0.18020895 -0.549195916  0.37475937
4   0.76651694  0.1839706047 -0.06652384  0.228096807  0.29641798
5   0.55524830 -0.6434596809  0.08563318 -0.326501132 -0.73554779
6  -0.17190350  0.6596597467 -0.56896609 -0.703097784 -0.26227889
7  -0.14953934 -0.1416684470 -0.07227273 -0.009656041 -0.03117342
8  -0.21913815 -0.0011387883 -0.75919352  0.338520007 -0.01026880
9  -0.60537592  0.5753144873  0.30417328 -0.311512251 -0.30663823
10 -0.57207125 -0.4552964042  0.04802950  0.159690294  0.13268472
11  0.85432624 -0.1669200384  0.39474365 -0.098201943 -0.06579822
12  0.71598838  0.4128981996 -0.54437964 -0.353989163 -0.01200120
13  1.17514642  0.0172851593  0.47939594 -0.184466877  0.49357308
14 -1.36742821 -0.7532603666 -0.33113211 -0.551001947  0.02903641
15 -1.38730854  0.0013782489 -0.28964451  0.951552677 -0.21265854
16  0.39588461 -0.6036378937 -0.04280171  0.498289661 -0.37210110
17 -1.04208757 -1.0455237646  0.75016284  0.228164103  0.38363086
18  0.11539873 -0.6033842624  0.73021587 -0.568754767 -0.30050681
19  0.03839944 -0.1692116484  0.28327995  0.535316361  0.08814085
20  0.49985792 -0.5133263014 -0.66379286  0.542109192 -0.70644799
21  0.13066908 -0.4583980260  0.33963729 -0.445525004  0.10445430
22 -0.35733245 -0.2799722031  0.52609555 -0.140587195  0.10622692
23 -0.61416441 -0.0008359429  0.05851949 -0.098188116  0.40377499
24 -0.12076570  0.5490697571  0.75306624  1.254695744  0.37898426
25  1.52271323 -0.3381303520 -0.24766735  0.157582558  0.04595183
26  0.05634527  0.5771708672  0.34959100  0.283518421 -0.36470735
27  1.01419131  0.9506399531  0.05696329 -0.174127633  0.43291981
28 -0.08377372 -0.4436250088  1.01239347 -0.134908986  0.15606867
29 -0.01328285  0.7347815476 -0.03391656  0.365823000  0.06378495
30 -0.00697554  0.4824205360 -0.01976266  0.188754832 -0.45097507
31 -0.45631445  1.6397544297 -0.51143677 -0.043960965 -0.12861169
32 -0.59902102  0.4221580955 -0.51770389 -0.096442723  0.19305539
33  0.24252861  0.4764656689  0.21258108 -0.104250058 -0.13039204
34  0.15013611 -0.2139400410 -1.26244383  0.331891209  0.63679691
35  0.01280782 -0.0598305471 -0.86281842  0.283752268  0.04637723
36 -0.47676701  0.5348819862 -0.38487303 -0.731417853 -0.11740343
37 -0.50195839 -1.1769667642 -0.62559962 -0.147070620 -0.11770585
38 -0.09977546 -0.8458857983 -0.21552180  0.486689830 -0.24119856
39 -1.05482866  0.3703541812  0.86961624 -0.080916031  0.02771237
40  0.44222211 -0.1010378398 -0.75135746 -0.002073158  0.39155364
41 -0.38407612  0.9022250166  0.33417008 -0.080324378 -0.05641072
42 -0.57362545 -0.1302663280 -0.18425520  0.053441274  0.13149703
43 -0.23371076  0.0323953888  1.26307390 -0.261379121 -0.11453226
44  1.55114870 -0.5734227395  0.47967674  0.040969616  0.35812738
45 -0.14572178 -0.8209958409 -0.66379305 -0.681807791  0.18098412
46  0.79672254  0.1493225798 -0.05522175 -0.149639720 -0.65560416

$cos2
         Dim.1         Dim.2        Dim.3         Dim.4        Dim.5
1  0.790003717 0.00509436244 0.0079544966 0.00107564641 0.0476391150
2  0.765304578 0.00008847221 0.0751419597 0.02742297881 0.0055870849
3  0.716765550 0.07282215995 0.0076668449 0.03191936790 0.0870700577
4  0.029210863 0.40611117329 0.2316396224 0.00009775013 0.0718969133
5  0.013107071 0.18179525581 0.3838863324 0.02960958918 0.0675154282
6  0.054140676 0.02736016042 0.4445890929 0.19561913662 0.0299237491
7  0.201108950 0.45955996625 0.2583732152 0.07123630140 0.0003374549
8  0.031018015 0.41169256339 0.1937271309 0.03965631621 0.0802145014
9  0.672722475 0.05734520145 0.1337707629 0.00366545175 0.0001186759
10 0.346520102 0.29742371220 0.2550248176 0.00001064206 0.0811800473
11 0.360448075 0.00002802970 0.2716721616 0.13195389586 0.1400755818
12 0.111667270 0.00001339176 0.1823432077 0.28630474554 0.0569141850
13 0.061577438 0.24068218621 0.0710236672 0.24071425288 0.0507136813
14 0.448757301 0.10345080827 0.0875380757 0.02413574697 0.0170028291
15 0.002947289 0.20479778027 0.2756733438 0.00566583163 0.1417789381
16 0.159450462 0.08038811047 0.1056703171 0.02468693221 0.0078565307
17 0.005020282 0.06324323597 0.0002257874 0.02042946389 0.1207314857
18 0.405801850 0.20277295533 0.0001212187 0.02284039359 0.0755516847
19 0.594351157 0.14072165263 0.0007708174 0.00938505745 0.0367091759
20 0.146773490 0.26765577905 0.2996820671 0.07288098183 0.0904877557
21 0.576132126 0.22099844256 0.0030926720 0.00976363874 0.1064321434
22 0.757745274 0.10129316021 0.0220241607 0.00610930714 0.0112965047
23 0.541229999 0.31760441510 0.0847883614 0.00809249611 0.0015677336
24 0.318467921 0.01890104846 0.0366568468 0.12441833899 0.0054450184
25 0.112532873 0.00616847662 0.1563305628 0.02301741944 0.2114063206
26 0.493594483 0.09870682022 0.0097289768 0.04154132961 0.1632155496
27 0.622692902 0.06590257101 0.0012717401 0.09709754597 0.0077811575
28 0.240606978 0.10015639641 0.1022774447 0.32282589656 0.1662778714
29 0.137879769 0.19810756385 0.0005283465 0.47273473060 0.0359450607
30 0.666585578 0.18329642650 0.0183869583 0.08380025004 0.0080825502
31 0.022523656 0.16828743313 0.0072490940 0.00521081438 0.3503543002
32 0.421174128 0.19961203465 0.0788241243 0.00236463057 0.0223629355
33 0.692570454 0.19709303271 0.0201666362 0.00007132958 0.0343127727
34 0.355930354 0.15835220822 0.0132841627 0.00041726388 0.0062081802
35 0.231615480 0.58827761965 0.0017297636 0.04373820221 0.0899343114
36 0.163357738 0.30274023365 0.1458474675 0.14685546091 0.0018572860
37 0.611569305 0.02895724460 0.1974814520 0.08422481147 0.0066933476
38 0.081708409 0.77876210882 0.0355496359 0.00007233815 0.0067265466
39 0.751016428 0.00323552360 0.0005649523 0.12177171739 0.0124215407
40 0.275147768 0.06611881119 0.3100012096 0.23887956309 0.0175236463
41 0.156535065 0.37083700393 0.2392278062 0.02671088845 0.0215571867
42 0.034553964 0.25261646295 0.2789713690 0.23818764735 0.0232884353
43 0.332599382 0.31113450795 0.1222052143 0.06033287937 0.0590768026
44 0.258295069 0.29010975571 0.0095671463 0.23887794251 0.0454892143
45 0.059952327 0.14809880698 0.2363262439 0.00985139597 0.1285914257
46 0.277595975 0.34795346226 0.0068361607 0.07466023399 0.0717336844
             Dim.6          Dim.7            Dim.8         Dim.9
1  0.0404445627245 0.023016417173 0.01681195623824 0.02229653291
2  0.0110832034257 0.008692183638 0.04179809591675 0.00667459578
3  0.0201289602370 0.000021991069 0.00370280599268 0.00409946090
4  0.0463733655274 0.164721710752 0.00948864499792 0.00124068633
5  0.1716011050532 0.034132749282 0.04583945774934 0.00081185956
6  0.0745915405135 0.003799467330 0.05594911862702 0.04162229776
7  0.0013171567462 0.003702630170 0.00332311720861 0.00086486499
8  0.0795745829199 0.010663179726 0.00000028796305 0.12798401314
9  0.0140992150915 0.044183660114 0.03990451334645 0.01115458767
10 0.0038020022524 0.009050252478 0.00573256377583 0.00006379353
11 0.0155607020122 0.063157732388 0.00241099320751 0.01348370834
12 0.0003073716740 0.168161557088 0.05592432522262 0.09721169531
13 0.0854034504556 0.182706778392 0.00003952914911 0.03040600741
14 0.0000452950516 0.209239440891 0.06349283434307 0.01226978806
15 0.0033204314899 0.237922435794 0.00000023482515 0.01037098209
16 0.4826109061694 0.024005504796 0.05581187154685 0.00028060534
17 0.1154444654399 0.249201125571 0.25084727255635 0.12913758364
18 0.1041844597662 0.001897670893 0.05188081454391 0.07598386297
19 0.0758784425908 0.000518060134 0.01005983863794 0.02819435558
20 0.0140605368154 0.015512573097 0.01635978950085 0.02735620354
21 0.0346879016756 0.001512465738 0.01861338346348 0.01021811033
22 0.0335305086734 0.016896051404 0.01037218197990 0.03662431838
23 0.0000009744716 0.031847532958 0.00000005900105 0.00028913960
24 0.1783248218902 0.001781851184 0.03683318235811 0.06928680801
25 0.0746186901741 0.382500918934 0.01886099311724 0.01011891056
26 0.0287790066035 0.000776954709 0.08152475828565 0.02990895192
27 0.1452616914235 0.028657242850 0.02517832066665 0.00009040339
28 0.0001578846218 0.000373709120 0.01047973062902 0.05457789037
29 0.0315882443391 0.000032011108 0.09795676696273 0.00020870913
30 0.0212197602073 0.000001919683 0.00918174637965 0.00001540865
31 0.0009454049232 0.029193219900 0.37697381321825 0.03667224170
32 0.0429659373776 0.098044036450 0.04869532927856 0.07323183573
33 0.0142912714411 0.006800524586 0.02624700134087 0.00522475201
34 0.1787806129670 0.002970898443 0.00603256018658 0.21005916745
35 0.0012298776435 0.000008583353 0.00018730623741 0.03895337687
36 0.0354743590919 0.038288769944 0.04819200229374 0.02495134656
37 0.0125194867178 0.007147755909 0.03929729653967 0.01110266482
38 0.0017405389011 0.000890485908 0.06400340494901 0.00415491385
39 0.0061603616517 0.057932585674 0.00714156794004 0.03937443636
40 0.0006497449661 0.019411362698 0.00101331208248 0.05603615344
41 0.0628379412455 0.016660213362 0.09193390017450 0.01261191601
42 0.1039020999877 0.056316825191 0.00290432814736 0.00581059845
43 0.0090803110538 0.003328417462 0.00006395091672 0.09721603455
44 0.0024806275901 0.120641508410 0.01648692690538 0.01153684896
45 0.2479459343059 0.002199961784 0.06983097375043 0.04564903401
46 0.1416694756492 0.045397217332 0.00159465226967 0.00021808983
            Dim.10        Dim.11
1  0.0118774875525 0.03378570627
2  0.0093238628819 0.04888298507
3  0.0380740128795 0.01772878836
4  0.0145863199874 0.02463294982
5  0.0118022871019 0.05989886427
6  0.0635601245926 0.00884463575
7  0.0000154382325 0.00016090457
8  0.0254459941288 0.00002341480
9  0.0116993480581 0.01133610837
10 0.0007052084333 0.00048685798
11 0.0008344862687 0.00037463416
12 0.0411050051937 0.00004724590
13 0.0045020206635 0.03223098845
14 0.0339735356475 0.00009434533
15 0.1119321772231 0.00559055532
16 0.0380309652577 0.02120779448
17 0.0119463765977 0.03377292157
18 0.0460966037099 0.01286848613
19 0.1006819308772 0.00272951189
20 0.0182458550654 0.03098496863
21 0.0175826371000 0.00096647921
22 0.0026153621140 0.00149317062
23 0.0008139999163 0.01376528879
24 0.1923362064729 0.01754795653
25 0.0040964959875 0.00034833882
26 0.0196717628132 0.03255140635
27 0.0008447535576 0.00522167169
28 0.0009691697127 0.00129702862
29 0.0242806313296 0.00073816650
30 0.0014056263075 0.00802377581
31 0.0002709492769 0.00231907328
32 0.0025414173657 0.01018359039
33 0.0012565190380 0.00196570615
34 0.0145180741933 0.05344651746
35 0.0042129370971 0.00011254233
36 0.0901135586643 0.00232177736
37 0.0006136010857 0.00039303423
38 0.0211877165074 0.00520390098
39 0.0003409009479 0.00003998587
40 0.0000004266189 0.01521800235
41 0.0007286864566 0.00035939268
42 0.0004888042189 0.00295946534
43 0.0041631510481 0.00079934828
44 0.0000841615426 0.00643079919
45 0.0481604020339 0.00339349423
46 0.0016014331027 0.03073961529

$contrib
         Dim.1          Dim.2        Dim.3         Dim.4        Dim.5
1   2.63134527  0.03271815713  0.085865987  0.0160078992  1.063221596
2   1.31176276  0.00029240053  0.417410401  0.2100156793  0.064167875
3   2.97485657  0.58277747142  0.103125330  0.5919149318  2.421414517
4   0.05458836  1.46335893591  1.402904947  0.0008161859  0.900279336
5   0.06202572  1.65881901369  5.887468303  0.6260581243  2.140822185
6   0.22061415  0.21497037278  5.871218550  3.5615342297  0.817028273
7   0.63634842  2.80385821166  2.649542080  1.0071195735  0.007154688
8   0.07318570  1.87299032864  1.481366202  0.4180620023  1.268167187
9   2.92339501  0.48050613483  1.883963701  0.0711697068  0.003455617
10  6.56494272 10.86496640727 15.658303849  0.0009008327 10.305360971
11  2.18236122  0.00032722961  5.330756293  3.5696221598  5.682739691
12  0.17835040  0.00004124167  0.943838180  2.0431151274  0.609088094
13  0.24384502  1.83775031747  0.911496749  4.2590249028  1.345639748
14  2.10106752  0.93392641793  1.328266564  0.5048999541  0.533409902
15  0.01249098  1.67359055624  3.786415054  0.1072885686  4.026213508
16  0.54540002  0.53018993249  1.171391692  0.3772876552  0.180065942
17  0.01146171  0.27841060226  0.001670632  0.2083984436  1.846942361
18  1.49196335  1.43748874921  0.001444353  0.3752008569  1.861228470
19  0.88628943  0.40461658203  0.003725150  0.0625295784  0.366790852
20  1.23856814  4.35511070810  8.195827382  2.7479106294  5.116506173
21  3.40757330  2.52036023165  0.059281166  0.2580185450  4.218007275
22  3.00017024  0.77330901806  0.282606271  0.1080763648  0.299694071
23  3.35844560  3.80008472609  1.705110245  0.2243649756  0.065183869
24  1.36566587  0.15628415586  0.509440694  2.3838518934  0.156455027
25  0.35739307  0.03777417013  1.609053087  0.3266175037  4.498793792
26  1.05670203  0.40745504334  0.067500840  0.3973550563  2.341289830
27 11.70960490  2.38957670072  0.077504417  8.1581687766  0.980446581
28  2.36729893  1.90008865461  3.261253185 14.1915344239 10.962023818
29  0.39814893  1.10305292251  0.004944514  6.0992806444  0.695497582
30  8.85207645  4.69346444028  0.791332309  4.9722237410  0.719198967
31  0.08416825  1.21258273792  0.087791587  0.0870023760  8.772598602
32  0.80758377  0.73801112863  0.489829365  0.0202584075  0.287320167
33  3.13841561  1.72213842936  0.296169084  0.0014442165  1.041870426
34  1.41485024  1.21372378274  0.171135220  0.0074109237  0.165356458
35  2.31912550 11.35767107115  0.056131054  1.9567426144  6.033835768
36  0.50809351  1.81561752889  1.470153189  2.0408455586  0.038707412
37 11.29469130  1.03118410759 11.819926089  6.9500005469  0.828292001
38  0.47857511  8.79505284027  0.674804966  0.0018930707  0.263989653
39  7.55706800  0.06277673966  0.018423641  5.4747769501  0.837511464
40  1.45229164  0.67291959150  5.302870205  5.6335602968  0.619760260
41  0.72615385  3.31703734345  3.596569256  0.5536323329  0.670070489
42  0.10577414  1.49105464803  2.767585313  3.2577440512  0.477675902
43  2.85959163  5.15799659591  3.405117319  2.3176760711  3.403384074
44  2.69891487  5.84501588141  0.323977800 11.1523201098  3.184878789
45  0.30318159  1.44410452313  3.873187249  0.2225925673  4.357327374
46  2.03357924  4.91495321624  0.162300539  2.4437309403  3.521133366
           Dim.6         Dim.7           Dim.8        Dim.9         Dim.10
1   0.9945593289  0.7419003861  0.710673880014  1.081024652  0.99555021488
2   0.1402517014  0.1441813383  0.909244921420  0.166531163  0.40216729257
3   0.6167825781  0.0008832719  0.195039810255  0.247665330  3.97655912337
4   0.6398027446  2.9789667277  0.225041820969  0.033749488  0.68594809620
5   5.9952610311  1.5631354511  2.753017930616  0.055923795  1.40547209423
6   2.2439909661  0.1498275119  2.893385687542  2.468796485  6.51754896870
7   0.0307696727  0.1133791189  0.133448171603  0.039834690  0.00122928060
8   1.3861442927  0.2434771025  0.000008622881  4.395593325  1.51085062362
9   0.4523434933  1.8581143035  2.200781781315  0.705593618  1.27939046158
10  0.5317857864  1.6592903063  1.378335057292  0.017592546  0.33620942827
11  0.6955605796  3.7005785645  0.185260705389  1.188345800  0.12714316111
12  0.0036243813  2.5991663812  1.133580430673  2.260040717  1.65208648451
13  2.4968332178  7.0017419632  0.001986612364  1.752674323  0.44863136771
14  0.0015656731  9.4804992032  3.772737562883  0.836209509  4.00275594887
15  0.1038939008  9.7581671220  0.000012630533  0.639798363 11.93764103963
16 12.1873236822  0.7946197993  2.422809966528  0.013971237  3.27353205075
17  1.9458813736  5.5059285194  7.268322332649  4.291643224  0.68635291193
18  2.8279317571  0.0675187203  2.420774403970  4.066446481  4.26484198609
19  0.8353581540  0.0074760433  0.190382433678  0.611989811  3.77810374258
20  0.8759837178  1.2668211295  1.752077833591  3.360297040  3.87459566440
21  1.5146873284  0.0865700829  1.397178323154  0.879717561  2.61695955439
22  0.9801321916  0.6473915986  0.521190140201  2.110774181  0.26058197731
23  0.0000446424  1.9124558908  0.000004646432  0.026116417  0.12710736092
24  5.6456299983  0.0739450945  2.004570838383  4.324927965 20.75533247222
25  1.7495895965 11.7559674411  0.760211919438  0.467789032  0.32739280850
26  0.4548622470  0.0160967101  2.215007317139  0.932036669  1.05977924120
27 20.1669987573  5.2150911596  6.008948569590  0.024745864  0.39974978571
28  0.0114684985  0.0355826062  1.308574350422  7.816479397  0.23995765046
29  0.6734298121  0.0008945505  3.589904077532  0.008772755  1.76439110570
30  2.0804226002  0.0002467049  1.547454667723  0.002978540  0.46973076290
31  0.0260824938  1.0557244429 17.878208058688  1.994786507  0.02547928780
32  0.6082358830  1.8193081077  1.184995238857  2.043974054  0.12262860146
33  0.4781225328  0.2982277720  1.509487735237  0.344636869  0.14328655856
34  5.2467179395  0.1142858406  0.304334025661 12.154487360  1.45225988867
35  0.0909160220  0.0008317117  0.023801937454  5.677424161  1.06152818101
36  0.8145923750  1.1524829860  1.902314443493  1.129659300  7.05316362013
37  1.7070139007  1.2774901866  9.210745018267  2.984732907  0.28517056018
38  0.0752642836  0.0504742152  4.757620848866  0.354237825  3.12289503224
39  0.4576484022  5.6413881217  0.912012657263  5.767237052  0.08632209780
40  0.0253193538  0.9915235723  0.067878848538  4.305322814  0.00005666538
41  2.1520918485  0.7479227422  5.412477342677  0.851623497  0.08506435002
42  2.3481605832  1.6683184691  0.112831588914  0.258911919  0.03765359521
43  0.5763750238  0.2769360825  0.006978028734 12.166622703  0.90073000667
44  0.1913623472 12.1991340549  2.186332365548  1.754728127  0.02212975684
45  9.2571141059  0.1076641430  4.481756690952  3.360299044  6.12881856312
46  7.6620692001  3.2183727481  0.148257724670  0.023255887  0.29522057402
         Dim.11
1   4.542524039
2   3.382160659
3   2.970184946
4   1.858179165
5  11.441956323
6   1.454806259
7   0.020551687
8   0.002230069
9   1.988525122
10  0.372323397
11  0.091560221
12  0.003045985
13  5.152066048
14  0.017830536
15  0.956410112
16  2.928197739
17  3.112472740
18  1.909796621
19  0.164298266
20 10.554529399
21  0.230744395
22  0.238642412
23  3.447921063
24  3.037531876
25  0.044656443
26  2.812985744
27  3.963632840
28  0.515121849
29  0.086042865
30  4.301139791
31  0.349815788
32  0.788210744
33  0.359567657
34  8.575913436
35  0.045487086
36  0.291500992
37  0.293004701
38  1.230347819
39  0.016241492
40  3.242358422
41  0.067297939
42  0.365687746
43  0.277417692
44  2.712398834
45  0.692722705
46  9.089958336

$dist
       1        2        3        4        5        6        7        8 
2.521407 1.808752 2.814576 1.888628 3.005395 2.788838 2.457538 2.122143 
       9       10       11       12       13       14       15       16 
2.880012 6.013396 3.399464 1.745993 2.749253 2.989391 2.844169 2.555131 
      17       18       19       20       21       22       23       24 
2.087513 2.649053 1.687076 4.013328 3.359929 2.749032 3.441492 2.860934 
      25       26       27       28       29       30       31       32 
2.462078 2.021434 5.991046 4.333522 2.347691 5.034579 2.670688 1.913073 
      33       34       35       36       37       38       39       40 
2.940978 2.754490 4.371665 2.436523 5.937216 3.343568 4.382485 3.174040 
      41       42       43       44       45       46 
2.975617 2.417182 4.050977 4.465859 3.106826 3.739319 

coord. for the individuals        Dim.1        Dim.2       Dim.3       Dim.4       Dim.5       Dim.6
1   2.2410804 -0.179964892 -0.22487917 -0.08269469  0.55033193 -0.50707587
2   1.5823267  0.017013061  0.49581570  0.29952724 -0.13519843  0.19041961
3   2.3828765 -0.759529683  0.24644574 -0.50285192 -0.83051483 -0.39932237
4   0.3227889  1.203562938 -0.90897672  0.01867261 -0.50640905 -0.40670606
5   0.3440760  1.281424066 -1.86209969  0.51715151 -0.78091383  1.24497790
6   0.6489111 -0.461299176 -1.85952817 -1.23347124  0.48242673  0.76167227
7   1.1020873  1.665986193 -1.24917720  0.65592017 -0.04514485  0.08919059
8   0.3737504  1.361636364 -0.93404942  0.42260129  0.60103682 -0.59863460
9   2.3621761  0.689672394 -1.05335534  0.17436449 -0.03137441 -0.34197296
10 -3.5398429 -3.279499491 -3.03676367  0.01961700  1.71334343  0.37078825
11  2.0409475  0.017997810  1.77187488  1.23487100  1.27230637 -0.42405782
12  0.5834526  0.006389421  0.74556825 -0.93423662 -0.41653632  0.03061079
13  0.6822216  1.348766054 -0.73268314  1.34885590 -0.61912340 -0.80343799
14  2.0025738  0.961500920  0.88446623 -0.46442237 -0.38980136 -0.02011908
15  0.1544069  1.287116869 -1.49331954 -0.21408547 -1.07093033  0.16389006
16  1.0202958 -0.724451160  0.83059576  0.40146414 -0.22647935  1.77505481
17 -0.1479085 -0.524972143  0.03136744  0.29837175  0.72533643  0.70927683
18  1.6875148  1.192876824  0.02916590  0.40035235  0.72813627  0.85505108
19  1.3006376 -0.632871025  0.04683931  0.16343807 -0.32323774  0.46472277
20  1.5375473 -2.076313719  2.19702520 -1.08345722  1.20725655  0.47588894
21  2.5502991 -1.579518377  0.18685168  0.33199835 -1.09614115 -0.62577627
22  2.3929932 -0.874923157  0.40797123  0.21487002 -0.29218095  0.50338460
23  2.5318483 -1.939501026  1.00210878 -0.30959077 -0.13626455  0.00339728
24  1.6145100 -0.393324364  0.54775387  1.00913693  0.21110940 -1.20813037
25  0.8259268 -0.193370776 -0.97347281  0.37353405  1.13203763 -0.67255172
26  1.4201846 -0.635087000 -0.19938534  0.41200249 -0.81665835 -0.34292373
27 -4.7275882 -1.537991238  0.21364949  1.86683876 -0.52847541  2.28338020
28 -2.1256662 -1.371451034 -1.38589681 -2.46221030 -1.76708805 -0.05445163
29 -0.8717487 -1.044940468 -0.05396354 -1.61417187 -0.44510311 -0.41725713
30 -4.1104664 -2.155460853  0.68268143 -1.45742360 -0.45262376 -0.73338729
31 -0.4008138  1.095592535 -0.22738672  0.19278624  1.58080007 -0.08211683
32  1.2415446 -0.854721895 -0.53710729 -0.09302788  0.28608552  0.39654604
33  2.4475059 -1.305651894  0.41764617 -0.02483857 -0.54477814  0.35158246
34  1.6433261 -1.096107892 -0.31747413  0.05626608  0.21703181  1.16466615
35 -2.1039269  3.353034464 -0.18181941  0.91427600 -1.31102074  0.15331259
36 -0.9847825  1.340619578  0.93050762  0.93371758 -0.10500498 -0.45891026
37 -4.6430750 -1.010325884  2.63843268  1.72306986 -0.48574076 -0.66431816
38 -0.9557484  2.950615370 -0.63041679  0.02843766 -0.27422451 -0.13949289
39 -3.7979145 -0.249283051 -0.10416609  1.52930350  0.48843660 -0.34397238
40 -1.6649279  0.816159350  1.76723432 -1.55132196 -0.42016965  0.08090659
41 -1.1772883  1.812043229  1.45540161 -0.48631895  0.43689097  0.74591269
42 -0.4493226  1.214898943  1.27670085 -1.17969285  0.36887522 -0.77915075
43 -2.3362565  2.259612141  1.41613507 -0.99503151  0.98461920  0.38602032
44 -2.2696721  2.405393991 -0.43681371 -2.18269513  0.95248747 -0.22242615
45 -0.7607114 -1.195618670 -1.51033360  0.30836551  1.11409677 -1.54701813
46 -1.9701490 -2.205733647 -0.30917091  1.02173239 -1.00150715 -1.40744240
         Dim.7         Dim.8       Dim.9       Dim.10      Dim.11
1   0.38252668  0.3269279085  0.37649702  0.274792682 -0.46345692
2  -0.16863335  0.3697917869  0.14777178 -0.174653362  0.39990596
3  -0.01319885  0.1712688778 -0.18020895 -0.549195916  0.37475937
4   0.76651694  0.1839706047 -0.06652384  0.228096807  0.29641798
5   0.55524830 -0.6434596809  0.08563318 -0.326501132 -0.73554779
6  -0.17190350  0.6596597467 -0.56896609 -0.703097784 -0.26227889
7  -0.14953934 -0.1416684470 -0.07227273 -0.009656041 -0.03117342
8  -0.21913815 -0.0011387883 -0.75919352  0.338520007 -0.01026880
9  -0.60537592  0.5753144873  0.30417328 -0.311512251 -0.30663823
10 -0.57207125 -0.4552964042  0.04802950  0.159690294  0.13268472
11  0.85432624 -0.1669200384  0.39474365 -0.098201943 -0.06579822
12  0.71598838  0.4128981996 -0.54437964 -0.353989163 -0.01200120
13  1.17514642  0.0172851593  0.47939594 -0.184466877  0.49357308
14 -1.36742821 -0.7532603666 -0.33113211 -0.551001947  0.02903641
15 -1.38730854  0.0013782489 -0.28964451  0.951552677 -0.21265854
16  0.39588461 -0.6036378937 -0.04280171  0.498289661 -0.37210110
17 -1.04208757 -1.0455237646  0.75016284  0.228164103  0.38363086
18  0.11539873 -0.6033842624  0.73021587 -0.568754767 -0.30050681
19  0.03839944 -0.1692116484  0.28327995  0.535316361  0.08814085
20  0.49985792 -0.5133263014 -0.66379286  0.542109192 -0.70644799
21  0.13066908 -0.4583980260  0.33963729 -0.445525004  0.10445430
22 -0.35733245 -0.2799722031  0.52609555 -0.140587195  0.10622692
23 -0.61416441 -0.0008359429  0.05851949 -0.098188116  0.40377499
24 -0.12076570  0.5490697571  0.75306624  1.254695744  0.37898426
25  1.52271323 -0.3381303520 -0.24766735  0.157582558  0.04595183
26  0.05634527  0.5771708672  0.34959100  0.283518421 -0.36470735
27  1.01419131  0.9506399531  0.05696329 -0.174127633  0.43291981
28 -0.08377372 -0.4436250088  1.01239347 -0.134908986  0.15606867
29 -0.01328285  0.7347815476 -0.03391656  0.365823000  0.06378495
30 -0.00697554  0.4824205360 -0.01976266  0.188754832 -0.45097507
31 -0.45631445  1.6397544297 -0.51143677 -0.043960965 -0.12861169
32 -0.59902102  0.4221580955 -0.51770389 -0.096442723  0.19305539
33  0.24252861  0.4764656689  0.21258108 -0.104250058 -0.13039204
34  0.15013611 -0.2139400410 -1.26244383  0.331891209  0.63679691
35  0.01280782 -0.0598305471 -0.86281842  0.283752268  0.04637723
36 -0.47676701  0.5348819862 -0.38487303 -0.731417853 -0.11740343
37 -0.50195839 -1.1769667642 -0.62559962 -0.147070620 -0.11770585
38 -0.09977546 -0.8458857983 -0.21552180  0.486689830 -0.24119856
39 -1.05482866  0.3703541812  0.86961624 -0.080916031  0.02771237
40  0.44222211 -0.1010378398 -0.75135746 -0.002073158  0.39155364
41 -0.38407612  0.9022250166  0.33417008 -0.080324378 -0.05641072
42 -0.57362545 -0.1302663280 -0.18425520  0.053441274  0.13149703
43 -0.23371076  0.0323953888  1.26307390 -0.261379121 -0.11453226
44  1.55114870 -0.5734227395  0.47967674  0.040969616  0.35812738
45 -0.14572178 -0.8209958409 -0.66379305 -0.681807791  0.18098412
46  0.79672254  0.1493225798 -0.05522175 -0.149639720 -0.65560416
cos2 for the individuals         Dim.1         Dim.2        Dim.3         Dim.4        Dim.5
1  0.790003717 0.00509436244 0.0079544966 0.00107564641 0.0476391150
2  0.765304578 0.00008847221 0.0751419597 0.02742297881 0.0055870849
3  0.716765550 0.07282215995 0.0076668449 0.03191936790 0.0870700577
4  0.029210863 0.40611117329 0.2316396224 0.00009775013 0.0718969133
5  0.013107071 0.18179525581 0.3838863324 0.02960958918 0.0675154282
6  0.054140676 0.02736016042 0.4445890929 0.19561913662 0.0299237491
7  0.201108950 0.45955996625 0.2583732152 0.07123630140 0.0003374549
8  0.031018015 0.41169256339 0.1937271309 0.03965631621 0.0802145014
9  0.672722475 0.05734520145 0.1337707629 0.00366545175 0.0001186759
10 0.346520102 0.29742371220 0.2550248176 0.00001064206 0.0811800473
11 0.360448075 0.00002802970 0.2716721616 0.13195389586 0.1400755818
12 0.111667270 0.00001339176 0.1823432077 0.28630474554 0.0569141850
13 0.061577438 0.24068218621 0.0710236672 0.24071425288 0.0507136813
14 0.448757301 0.10345080827 0.0875380757 0.02413574697 0.0170028291
15 0.002947289 0.20479778027 0.2756733438 0.00566583163 0.1417789381
16 0.159450462 0.08038811047 0.1056703171 0.02468693221 0.0078565307
17 0.005020282 0.06324323597 0.0002257874 0.02042946389 0.1207314857
18 0.405801850 0.20277295533 0.0001212187 0.02284039359 0.0755516847
19 0.594351157 0.14072165263 0.0007708174 0.00938505745 0.0367091759
20 0.146773490 0.26765577905 0.2996820671 0.07288098183 0.0904877557
21 0.576132126 0.22099844256 0.0030926720 0.00976363874 0.1064321434
22 0.757745274 0.10129316021 0.0220241607 0.00610930714 0.0112965047
23 0.541229999 0.31760441510 0.0847883614 0.00809249611 0.0015677336
24 0.318467921 0.01890104846 0.0366568468 0.12441833899 0.0054450184
25 0.112532873 0.00616847662 0.1563305628 0.02301741944 0.2114063206
26 0.493594483 0.09870682022 0.0097289768 0.04154132961 0.1632155496
27 0.622692902 0.06590257101 0.0012717401 0.09709754597 0.0077811575
28 0.240606978 0.10015639641 0.1022774447 0.32282589656 0.1662778714
29 0.137879769 0.19810756385 0.0005283465 0.47273473060 0.0359450607
30 0.666585578 0.18329642650 0.0183869583 0.08380025004 0.0080825502
31 0.022523656 0.16828743313 0.0072490940 0.00521081438 0.3503543002
32 0.421174128 0.19961203465 0.0788241243 0.00236463057 0.0223629355
33 0.692570454 0.19709303271 0.0201666362 0.00007132958 0.0343127727
34 0.355930354 0.15835220822 0.0132841627 0.00041726388 0.0062081802
35 0.231615480 0.58827761965 0.0017297636 0.04373820221 0.0899343114
36 0.163357738 0.30274023365 0.1458474675 0.14685546091 0.0018572860
37 0.611569305 0.02895724460 0.1974814520 0.08422481147 0.0066933476
38 0.081708409 0.77876210882 0.0355496359 0.00007233815 0.0067265466
39 0.751016428 0.00323552360 0.0005649523 0.12177171739 0.0124215407
40 0.275147768 0.06611881119 0.3100012096 0.23887956309 0.0175236463
41 0.156535065 0.37083700393 0.2392278062 0.02671088845 0.0215571867
42 0.034553964 0.25261646295 0.2789713690 0.23818764735 0.0232884353
43 0.332599382 0.31113450795 0.1222052143 0.06033287937 0.0590768026
44 0.258295069 0.29010975571 0.0095671463 0.23887794251 0.0454892143
45 0.059952327 0.14809880698 0.2363262439 0.00985139597 0.1285914257
46 0.277595975 0.34795346226 0.0068361607 0.07466023399 0.0717336844
             Dim.6          Dim.7            Dim.8         Dim.9
1  0.0404445627245 0.023016417173 0.01681195623824 0.02229653291
2  0.0110832034257 0.008692183638 0.04179809591675 0.00667459578
3  0.0201289602370 0.000021991069 0.00370280599268 0.00409946090
4  0.0463733655274 0.164721710752 0.00948864499792 0.00124068633
5  0.1716011050532 0.034132749282 0.04583945774934 0.00081185956
6  0.0745915405135 0.003799467330 0.05594911862702 0.04162229776
7  0.0013171567462 0.003702630170 0.00332311720861 0.00086486499
8  0.0795745829199 0.010663179726 0.00000028796305 0.12798401314
9  0.0140992150915 0.044183660114 0.03990451334645 0.01115458767
10 0.0038020022524 0.009050252478 0.00573256377583 0.00006379353
11 0.0155607020122 0.063157732388 0.00241099320751 0.01348370834
12 0.0003073716740 0.168161557088 0.05592432522262 0.09721169531
13 0.0854034504556 0.182706778392 0.00003952914911 0.03040600741
14 0.0000452950516 0.209239440891 0.06349283434307 0.01226978806
15 0.0033204314899 0.237922435794 0.00000023482515 0.01037098209
16 0.4826109061694 0.024005504796 0.05581187154685 0.00028060534
17 0.1154444654399 0.249201125571 0.25084727255635 0.12913758364
18 0.1041844597662 0.001897670893 0.05188081454391 0.07598386297
19 0.0758784425908 0.000518060134 0.01005983863794 0.02819435558
20 0.0140605368154 0.015512573097 0.01635978950085 0.02735620354
21 0.0346879016756 0.001512465738 0.01861338346348 0.01021811033
22 0.0335305086734 0.016896051404 0.01037218197990 0.03662431838
23 0.0000009744716 0.031847532958 0.00000005900105 0.00028913960
24 0.1783248218902 0.001781851184 0.03683318235811 0.06928680801
25 0.0746186901741 0.382500918934 0.01886099311724 0.01011891056
26 0.0287790066035 0.000776954709 0.08152475828565 0.02990895192
27 0.1452616914235 0.028657242850 0.02517832066665 0.00009040339
28 0.0001578846218 0.000373709120 0.01047973062902 0.05457789037
29 0.0315882443391 0.000032011108 0.09795676696273 0.00020870913
30 0.0212197602073 0.000001919683 0.00918174637965 0.00001540865
31 0.0009454049232 0.029193219900 0.37697381321825 0.03667224170
32 0.0429659373776 0.098044036450 0.04869532927856 0.07323183573
33 0.0142912714411 0.006800524586 0.02624700134087 0.00522475201
34 0.1787806129670 0.002970898443 0.00603256018658 0.21005916745
35 0.0012298776435 0.000008583353 0.00018730623741 0.03895337687
36 0.0354743590919 0.038288769944 0.04819200229374 0.02495134656
37 0.0125194867178 0.007147755909 0.03929729653967 0.01110266482
38 0.0017405389011 0.000890485908 0.06400340494901 0.00415491385
39 0.0061603616517 0.057932585674 0.00714156794004 0.03937443636
40 0.0006497449661 0.019411362698 0.00101331208248 0.05603615344
41 0.0628379412455 0.016660213362 0.09193390017450 0.01261191601
42 0.1039020999877 0.056316825191 0.00290432814736 0.00581059845
43 0.0090803110538 0.003328417462 0.00006395091672 0.09721603455
44 0.0024806275901 0.120641508410 0.01648692690538 0.01153684896
45 0.2479459343059 0.002199961784 0.06983097375043 0.04564903401
46 0.1416694756492 0.045397217332 0.00159465226967 0.00021808983
            Dim.10        Dim.11
1  0.0118774875525 0.03378570627
2  0.0093238628819 0.04888298507
3  0.0380740128795 0.01772878836
4  0.0145863199874 0.02463294982
5  0.0118022871019 0.05989886427
6  0.0635601245926 0.00884463575
7  0.0000154382325 0.00016090457
8  0.0254459941288 0.00002341480
9  0.0116993480581 0.01133610837
10 0.0007052084333 0.00048685798
11 0.0008344862687 0.00037463416
12 0.0411050051937 0.00004724590
13 0.0045020206635 0.03223098845
14 0.0339735356475 0.00009434533
15 0.1119321772231 0.00559055532
16 0.0380309652577 0.02120779448
17 0.0119463765977 0.03377292157
18 0.0460966037099 0.01286848613
19 0.1006819308772 0.00272951189
20 0.0182458550654 0.03098496863
21 0.0175826371000 0.00096647921
22 0.0026153621140 0.00149317062
23 0.0008139999163 0.01376528879
24 0.1923362064729 0.01754795653
25 0.0040964959875 0.00034833882
26 0.0196717628132 0.03255140635
27 0.0008447535576 0.00522167169
28 0.0009691697127 0.00129702862
29 0.0242806313296 0.00073816650
30 0.0014056263075 0.00802377581
31 0.0002709492769 0.00231907328
32 0.0025414173657 0.01018359039
33 0.0012565190380 0.00196570615
34 0.0145180741933 0.05344651746
35 0.0042129370971 0.00011254233
36 0.0901135586643 0.00232177736
37 0.0006136010857 0.00039303423
38 0.0211877165074 0.00520390098
39 0.0003409009479 0.00003998587
40 0.0000004266189 0.01521800235
41 0.0007286864566 0.00035939268
42 0.0004888042189 0.00295946534
43 0.0041631510481 0.00079934828
44 0.0000841615426 0.00643079919
45 0.0481604020339 0.00339349423
46 0.0016014331027 0.03073961529
contributions of the individuals         Dim.1          Dim.2        Dim.3         Dim.4        Dim.5
1   2.63134527  0.03271815713  0.085865987  0.0160078992  1.063221596
2   1.31176276  0.00029240053  0.417410401  0.2100156793  0.064167875
3   2.97485657  0.58277747142  0.103125330  0.5919149318  2.421414517
4   0.05458836  1.46335893591  1.402904947  0.0008161859  0.900279336
5   0.06202572  1.65881901369  5.887468303  0.6260581243  2.140822185
6   0.22061415  0.21497037278  5.871218550  3.5615342297  0.817028273
7   0.63634842  2.80385821166  2.649542080  1.0071195735  0.007154688
8   0.07318570  1.87299032864  1.481366202  0.4180620023  1.268167187
9   2.92339501  0.48050613483  1.883963701  0.0711697068  0.003455617
10  6.56494272 10.86496640727 15.658303849  0.0009008327 10.305360971
11  2.18236122  0.00032722961  5.330756293  3.5696221598  5.682739691
12  0.17835040  0.00004124167  0.943838180  2.0431151274  0.609088094
13  0.24384502  1.83775031747  0.911496749  4.2590249028  1.345639748
14  2.10106752  0.93392641793  1.328266564  0.5048999541  0.533409902
15  0.01249098  1.67359055624  3.786415054  0.1072885686  4.026213508
16  0.54540002  0.53018993249  1.171391692  0.3772876552  0.180065942
17  0.01146171  0.27841060226  0.001670632  0.2083984436  1.846942361
18  1.49196335  1.43748874921  0.001444353  0.3752008569  1.861228470
19  0.88628943  0.40461658203  0.003725150  0.0625295784  0.366790852
20  1.23856814  4.35511070810  8.195827382  2.7479106294  5.116506173
21  3.40757330  2.52036023165  0.059281166  0.2580185450  4.218007275
22  3.00017024  0.77330901806  0.282606271  0.1080763648  0.299694071
23  3.35844560  3.80008472609  1.705110245  0.2243649756  0.065183869
24  1.36566587  0.15628415586  0.509440694  2.3838518934  0.156455027
25  0.35739307  0.03777417013  1.609053087  0.3266175037  4.498793792
26  1.05670203  0.40745504334  0.067500840  0.3973550563  2.341289830
27 11.70960490  2.38957670072  0.077504417  8.1581687766  0.980446581
28  2.36729893  1.90008865461  3.261253185 14.1915344239 10.962023818
29  0.39814893  1.10305292251  0.004944514  6.0992806444  0.695497582
30  8.85207645  4.69346444028  0.791332309  4.9722237410  0.719198967
31  0.08416825  1.21258273792  0.087791587  0.0870023760  8.772598602
32  0.80758377  0.73801112863  0.489829365  0.0202584075  0.287320167
33  3.13841561  1.72213842936  0.296169084  0.0014442165  1.041870426
34  1.41485024  1.21372378274  0.171135220  0.0074109237  0.165356458
35  2.31912550 11.35767107115  0.056131054  1.9567426144  6.033835768
36  0.50809351  1.81561752889  1.470153189  2.0408455586  0.038707412
37 11.29469130  1.03118410759 11.819926089  6.9500005469  0.828292001
38  0.47857511  8.79505284027  0.674804966  0.0018930707  0.263989653
39  7.55706800  0.06277673966  0.018423641  5.4747769501  0.837511464
40  1.45229164  0.67291959150  5.302870205  5.6335602968  0.619760260
41  0.72615385  3.31703734345  3.596569256  0.5536323329  0.670070489
42  0.10577414  1.49105464803  2.767585313  3.2577440512  0.477675902
43  2.85959163  5.15799659591  3.405117319  2.3176760711  3.403384074
44  2.69891487  5.84501588141  0.323977800 11.1523201098  3.184878789
45  0.30318159  1.44410452313  3.873187249  0.2225925673  4.357327374
46  2.03357924  4.91495321624  0.162300539  2.4437309403  3.521133366
           Dim.6         Dim.7           Dim.8        Dim.9         Dim.10
1   0.9945593289  0.7419003861  0.710673880014  1.081024652  0.99555021488
2   0.1402517014  0.1441813383  0.909244921420  0.166531163  0.40216729257
3   0.6167825781  0.0008832719  0.195039810255  0.247665330  3.97655912337
4   0.6398027446  2.9789667277  0.225041820969  0.033749488  0.68594809620
5   5.9952610311  1.5631354511  2.753017930616  0.055923795  1.40547209423
6   2.2439909661  0.1498275119  2.893385687542  2.468796485  6.51754896870
7   0.0307696727  0.1133791189  0.133448171603  0.039834690  0.00122928060
8   1.3861442927  0.2434771025  0.000008622881  4.395593325  1.51085062362
9   0.4523434933  1.8581143035  2.200781781315  0.705593618  1.27939046158
10  0.5317857864  1.6592903063  1.378335057292  0.017592546  0.33620942827
11  0.6955605796  3.7005785645  0.185260705389  1.188345800  0.12714316111
12  0.0036243813  2.5991663812  1.133580430673  2.260040717  1.65208648451
13  2.4968332178  7.0017419632  0.001986612364  1.752674323  0.44863136771
14  0.0015656731  9.4804992032  3.772737562883  0.836209509  4.00275594887
15  0.1038939008  9.7581671220  0.000012630533  0.639798363 11.93764103963
16 12.1873236822  0.7946197993  2.422809966528  0.013971237  3.27353205075
17  1.9458813736  5.5059285194  7.268322332649  4.291643224  0.68635291193
18  2.8279317571  0.0675187203  2.420774403970  4.066446481  4.26484198609
19  0.8353581540  0.0074760433  0.190382433678  0.611989811  3.77810374258
20  0.8759837178  1.2668211295  1.752077833591  3.360297040  3.87459566440
21  1.5146873284  0.0865700829  1.397178323154  0.879717561  2.61695955439
22  0.9801321916  0.6473915986  0.521190140201  2.110774181  0.26058197731
23  0.0000446424  1.9124558908  0.000004646432  0.026116417  0.12710736092
24  5.6456299983  0.0739450945  2.004570838383  4.324927965 20.75533247222
25  1.7495895965 11.7559674411  0.760211919438  0.467789032  0.32739280850
26  0.4548622470  0.0160967101  2.215007317139  0.932036669  1.05977924120
27 20.1669987573  5.2150911596  6.008948569590  0.024745864  0.39974978571
28  0.0114684985  0.0355826062  1.308574350422  7.816479397  0.23995765046
29  0.6734298121  0.0008945505  3.589904077532  0.008772755  1.76439110570
30  2.0804226002  0.0002467049  1.547454667723  0.002978540  0.46973076290
31  0.0260824938  1.0557244429 17.878208058688  1.994786507  0.02547928780
32  0.6082358830  1.8193081077  1.184995238857  2.043974054  0.12262860146
33  0.4781225328  0.2982277720  1.509487735237  0.344636869  0.14328655856
34  5.2467179395  0.1142858406  0.304334025661 12.154487360  1.45225988867
35  0.0909160220  0.0008317117  0.023801937454  5.677424161  1.06152818101
36  0.8145923750  1.1524829860  1.902314443493  1.129659300  7.05316362013
37  1.7070139007  1.2774901866  9.210745018267  2.984732907  0.28517056018
38  0.0752642836  0.0504742152  4.757620848866  0.354237825  3.12289503224
39  0.4576484022  5.6413881217  0.912012657263  5.767237052  0.08632209780
40  0.0253193538  0.9915235723  0.067878848538  4.305322814  0.00005666538
41  2.1520918485  0.7479227422  5.412477342677  0.851623497  0.08506435002
42  2.3481605832  1.6683184691  0.112831588914  0.258911919  0.03765359521
43  0.5763750238  0.2769360825  0.006978028734 12.166622703  0.90073000667
44  0.1913623472 12.1991340549  2.186332365548  1.754728127  0.02212975684
45  9.2571141059  0.1076641430  4.481756690952  3.360299044  6.12881856312
46  7.6620692001  3.2183727481  0.148257724670  0.023255887  0.29522057402
         Dim.11
1   4.542524039
2   3.382160659
3   2.970184946
4   1.858179165
5  11.441956323
6   1.454806259
7   0.020551687
8   0.002230069
9   1.988525122
10  0.372323397
11  0.091560221
12  0.003045985
13  5.152066048
14  0.017830536
15  0.956410112
16  2.928197739
17  3.112472740
18  1.909796621
19  0.164298266
20 10.554529399
21  0.230744395
22  0.238642412
23  3.447921063
24  3.037531876
25  0.044656443
26  2.812985744
27  3.963632840
28  0.515121849
29  0.086042865
30  4.301139791
31  0.349815788
32  0.788210744
33  0.359567657
34  8.575913436
35  0.045487086
36  0.291500992
37  0.293004701
38  1.230347819
39  0.016241492
40  3.242358422
41  0.067297939
42  0.365687746
43  0.277417692
44  2.712398834
45  0.692722705
46  9.089958336
summary statistics$row.w
 [1] 0.02173913 0.02173913 0.02173913 0.02173913 0.02173913 0.02173913
 [7] 0.02173913 0.02173913 0.02173913 0.02173913 0.02173913 0.02173913
[13] 0.02173913 0.02173913 0.02173913 0.02173913 0.02173913 0.02173913
[19] 0.02173913 0.02173913 0.02173913 0.02173913 0.02173913 0.02173913
[25] 0.02173913 0.02173913 0.02173913 0.02173913 0.02173913 0.02173913
[31] 0.02173913 0.02173913 0.02173913 0.02173913 0.02173913 0.02173913
[37] 0.02173913 0.02173913 0.02173913 0.02173913 0.02173913 0.02173913
[43] 0.02173913 0.02173913 0.02173913 0.02173913

$col.w
 [1] 1 1 1 1 1 1 1 1 1 1 1

$scale.unit
[1] TRUE

$ncp
[1] 11

$centre
 [1] -0.00000000000000173819292 -0.00000000000000062276573
 [3] -0.00000000000000061062266 -0.00000000000000007979728
 [5] -0.00000000000000008847090  0.00000000000000071991024
 [7] -0.00000000000000036776138 -0.00000000000000009421717
 [9]  0.00000000000000008760354 -0.00000000000000095062846
[11] -0.00000000000000012143064

$ecart.type
 [1] 0.9890707 0.9890707 0.9890707 0.9890707 0.9890707 0.9890707 0.9890707
 [8] 0.9890707 0.9890707 0.9890707 0.9890707

$X
          DFF          DM          PH         RPP         PPP          PW
1   0.2135064  0.26973948  0.09052185  0.38971100  1.26206106 -0.78301121
2   0.3920753  0.44450027 -0.01107258  0.82292206  0.35141896  0.15489385
3   0.7492132  0.79402185 -0.54444335  1.50368228  0.38228818 -1.07159679
4  -0.5007695 -1.30310764 -0.12113322  0.32782371 -0.28140013  0.08274734
5  -1.3936142 -1.82739001 -0.60370677  1.19424582  1.07170085  0.55169981
6  -1.0364763  0.09497869  0.19211628  0.94669664  0.33083947 -0.90565567
7  -1.3936142 -1.30310764 -0.23119385  0.45159829  0.50062020  0.22704212
8  -1.3936142 -0.77882526  0.01432603 -0.72426028  0.03243698  0.01060084
9  -0.8579074 -0.25454289 -0.39205170  1.00858394  0.90192011 -0.67479099
10 -0.3222005 -0.07978210 -1.26407058 -2.27144262 -0.95023331 -0.96337785
11  0.5706443  1.31830423  0.42070376 -0.10538735  1.12314955  0.58776944
12  0.3920753  0.61926106  0.53923059  0.82292206 -0.04473608 -0.13369218
13 -0.5007695 -1.30310764 -0.92542247  0.45159829 -0.29683474  0.65990937
14 -0.5007695  0.44450027  0.42916996  1.07047123  0.60351762 -0.78301075
15 -0.8579074 -1.82739001 -0.37511930  0.01838724  0.22279719 -0.35733541
16  1.1063511  0.26973948  0.15825147  0.69914747  1.64278149  0.80421243
17  0.2135064 -0.07978210  0.22573920 -0.35293652  0.28571278 -0.20584034
18 -0.8579074 -0.25454289  0.73395326  1.07047123  1.26720593  0.29917977
19  0.9277822 -0.07978210 -0.25659246  0.51348559  0.88648550 -0.16255029
20  1.8206269  2.36686897  1.23345921 -0.24684402  1.73744711 -0.78301075
21  1.2849201  0.79402185 -1.53257015  1.34453837  0.90926987 -1.20043300
22  0.9277822  0.61926106 -0.35818689  1.25613311  1.22604696 -0.49442472
23  1.6420580  1.66782581 -0.34125448  0.94669664  0.86590602 -1.10762929
24  1.2849201  0.09497869 -0.46824753 -0.72426028  0.44402663 -0.16976543
25 -0.3222005 -0.25454289 -0.18886284 -0.47671111  0.48004072 -0.38620496
26  0.7492132  0.09497869 -0.97621969  0.57537288  0.77329835 -0.27798520
27  0.9277822  0.09497869 -0.99315209 -0.88929141 -1.57276266  3.54607273
28  0.9277822 -1.12834685 -0.29327934  0.82292206 -1.29391067 -1.98064279
29  0.9277822  0.26973948  0.32475120 -0.12603295 -0.76673293 -0.98738916
30  1.2849201  0.96878265 -0.04832387 -1.61543731 -1.80942671 -0.55214691
31 -1.3936142  0.44450027  0.98430903 -0.91876320 -0.42913142  0.87635253
32  0.0349374  0.61926106 -0.29610140  0.38971100  0.45946124 -0.42227821
33  1.2849201  0.96878265 -0.51057854  1.37990770  1.22604696 -0.42227821
34  0.5706443  0.44450027 -0.21426144  0.51348559  0.84532654  0.01060084
35 -1.7507521 -2.17691159  0.03125843 -0.47671111 -1.15602814  2.03070306
36 -1.0364763  0.44450027 -0.06186980 -0.41482381 -0.86791538  1.23708620
37  0.7492132  1.31830423 -1.05975289 -2.67989876 -1.80805475  1.70363889
38 -1.7507521 -2.17691159  0.69162224 -0.47671111 -0.25567578  0.47954907
39 -0.5007695 -0.07978210 -0.74763221 -2.08578074 -1.68252127  1.30923798
40  0.3920753  0.26973948  1.61782482 -0.13014226 -1.28464991  0.32080235
41 -0.5007695  0.09497869  1.96155264 -0.04350005 -0.64154108  1.38138449
42 -0.3222005  0.26973948  1.50437770 -0.47671111 -0.75472823 -0.49442472
43 -0.8579074 -0.42930368  2.64900830 -0.45195619 -1.08399995  0.87635893
44 -1.2150453 -1.82739001  2.65578126 -0.35293652 -1.44928577 -0.31408488
45 -1.0364763  0.44450027 -1.23867197 -1.34313322 -0.73929362 -1.40935251
46  0.9277822  0.61926106 -2.40418587 -1.13684224 -0.66294374 -0.10692983
          PPR           PL         PWD         SPP         SYPP
1   0.4265747  1.240004968 -0.48290311  0.47250115  1.248573390
2   0.7298670  0.397458103  0.10901644  0.73741309  0.882046818
3   0.7319768  0.905322398  0.02384799  1.05533074  0.486003563
4  -0.1930941  1.072917615 -0.04712571  0.34003988  0.161408892
5   0.0837204  0.051648688 -0.26004682 -0.26929256 -0.401384742
6   0.1628405 -0.055002814 -2.04858415  0.34003988 -0.566180668
7   0.5848147  0.541599224  0.02952589  0.68549887  0.776062160
8   0.4002004  0.707717018 -0.05422308  0.73742369  0.350968626
9   0.4582217  0.636616016 -0.49142109  1.22800725  1.583939762
10  0.0283364 -2.375480945 -3.33703508 -2.70678125 -1.603151258
11  1.1523572  1.549296650  0.94791426 -0.32217109  1.648014728
12 -0.2986929  0.885469521  0.17999014  0.47239624 -0.573010148
13  0.1100928  1.541540436  0.49227444 -0.20993825  1.089221393
14  1.0331803 -0.153574657  1.48590628  1.53219131  0.582948875
15 -0.2063831 -0.830650100 -0.11809941  1.66466317 -0.045585451
16  0.9408536 -0.255249088  0.14450329 -0.07938548 -0.503105138
17  1.1034484 -1.459958340  0.08062809 -0.64394707  0.375843483
18  1.0067891  0.325710729  0.47098232 -0.21725117  1.138191213
19  0.7034947  0.100126643 -0.20326786  0.34002928  0.336976519
20  0.9012936  0.565515015  0.10191907 -0.04144752 -0.693886405
21  0.9408758  0.788976413  0.25441114  0.37787082  0.789054831
22  1.2309697  0.065354376  0.04939626  0.52018721  0.949853012
23  1.3496392  0.129213417 -0.15642521  0.86988496  0.706878965
24  0.4793203  0.856705934  0.09198388  0.73742369  1.965002578
25  0.7309219  1.791360655 -0.77105749 -0.85211260  0.234700881
26 -0.1404529  0.500877741 -0.31682578  0.68433321  0.792719430
27 -1.2657501 -2.054908766 -1.16288911 -2.43104988 -2.080881765
28 -1.7254900 -1.557819405 -0.80796381 -0.97927330 -1.691434790
29 -1.1470350 -0.289506843 -0.80891013  0.20757861 -0.822924725
30 -2.6089966 -1.586236562 -0.43984687 -1.38207319 -2.142180520
31 -0.3909995  0.191080522 -0.96775604  0.66171942  0.713319776
32  0.8968981 -0.078703148 -1.05968388  0.78157745  0.148971464
33  0.6507470  0.665702790 -0.47580801  0.70997771  0.654464088
34  1.9008534  0.421050708 -0.99817334  0.73743323 -0.737639501
35 -1.0898928 -0.103480769  1.65624431  0.73742263 -0.847355387
36 -0.6810946 -0.133188319  1.17362199  0.34003988  0.318609103
37 -1.1567333 -1.953442380  2.48048521 -1.78817012 -1.790045829
38 -0.4569329  0.061344279  1.31698887  0.34003988 -0.262241012
39 -1.3184616 -2.207426619 -0.03890412 -1.55857165  0.188060524
40 -0.9395648 -0.013632373  1.28717991  0.12810185 -1.638686768
41 -1.0107728 -0.662593188  0.78695725  0.33998690  0.192502463
42 -0.4833062 -0.012665399  1.27866307  0.60495182 -0.003387034
43 -1.4406581 -1.086355156  1.31840834 -0.95806996  0.238809674
44 -1.2613194  0.670224813  0.36452177 -1.44553697 -1.027253905
45  0.5716270  0.198052113 -0.77105749 -1.11702455 -0.302107412
46 -1.4942838  0.008988087 -0.30736262 -1.38196722 -0.820703755

$row.w.init
 [1] 1 1 1 1 1 1 1 1 1 1 1 1 1 1 1 1 1 1 1 1 1 1 1 1 1 1 1 1 1 1 1 1 1 1 1 1 1 1
[39] 1 1 1 1 1 1 1 1

$call
PCA(X = spd, ncp = 11)

mean of the variables [1] -0.00000000000000173819292 -0.00000000000000062276573
 [3] -0.00000000000000061062266 -0.00000000000000007979728
 [5] -0.00000000000000008847090  0.00000000000000071991024
 [7] -0.00000000000000036776138 -0.00000000000000009421717
 [9]  0.00000000000000008760354 -0.00000000000000095062846
[11] -0.00000000000000012143064
standard error of the variables [1] 0.9890707 0.9890707 0.9890707 0.9890707 0.9890707 0.9890707 0.9890707
 [8] 0.9890707 0.9890707 0.9890707 0.9890707
weights of the individuals [1] 0.02173913 0.02173913 0.02173913 0.02173913 0.02173913 0.02173913
 [7] 0.02173913 0.02173913 0.02173913 0.02173913 0.02173913 0.02173913
[13] 0.02173913 0.02173913 0.02173913 0.02173913 0.02173913 0.02173913
[19] 0.02173913 0.02173913 0.02173913 0.02173913 0.02173913 0.02173913
[25] 0.02173913 0.02173913 0.02173913 0.02173913 0.02173913 0.02173913
[31] 0.02173913 0.02173913 0.02173913 0.02173913 0.02173913 0.02173913
[37] 0.02173913 0.02173913 0.02173913 0.02173913 0.02173913 0.02173913
[43] 0.02173913 0.02173913 0.02173913 0.02173913
weights of the variables [1] 1 1 1 1 1 1 1 1 1 1 1
